100
50
250
14
8
13
19
22
23
24
27
50
64
76
78
91
94
97
49
1
4
5
10
12
16
17
21
25
30
31
32
33
35
37
39
40
42
44
47
48
49
51
53
57
58
60
61
62
63
65
66
67
68
69
71
72
74
80
81
82
83
84
90
93
95
98
99
100
0 1 588 4
0 2 592 4
0 3 556 3
0 4 680 1
0 5 805 3
0 6 534 2
0 7 579 5
0 8 757 2
0 9 511 2
0 10 436 4
0 11 435 4
0 12 826 5
0 13 808 3
0 14 645 3
0 15 795 3
0 16 722 2
0 17 682 4
0 18 689 4
0 19 601 4
0 20 603 4
0 21 876 4
0 22 636 3
0 23 754 3
0 24 514 3
0 25 678 3
0 26 286 4
0 27 624 5
0 28 813 3
0 29 1047 4
0 30 608 3
0 31 876 4
0 32 797 5
0 33 831 4
0 34 459 3
0 35 632 4
0 36 524 5
0 37 700 4
0 38 665 4
0 39 801 1
0 40 759 2
0 41 673 5
0 42 646 4
0 43 887 5
0 44 349 3
0 45 796 5
0 46 868 3
0 47 423 4
0 48 589 5
0 49 307 2
0 50 902 3
0 51 498 4
0 52 466 3
0 53 819 4
0 54 239 2
0 55 950 5
0 56 690 3
0 57 552 3
0 58 708 4
0 59 740 3
0 60 494 4
0 61 499 3
0 62 901 3
0 63 651 3
0 64 687 5
0 65 709 4
0 66 787 3
0 67 659 3
0 68 467 3
0 69 749 2
0 70 468 5
0 71 728 3
0 72 777 4
0 73 627 3
0 74 931 2
0 75 569 4
0 76 766 5
0 77 728 5
0 78 716 3
0 79 598 4
0 80 429 3
0 81 460 4
0 82 784 4
0 83 764 3
0 84 406 4
0 85 667 3
0 86 576 3
0 87 760 4
0 88 669 4
0 89 881 4
0 90 917 4
0 91 606 4
0 92 520 4
0 93 454 2
0 94 665 2
0 95 759 4
0 96 201 2
0 97 503 4
0 98 247 4
0 99 769 5
0 100 664 1
1 2 418 4
1 3 237 4
1 4 845 5
1 5 389 4
1 6 460 3
1 7 435 4
1 8 751 5
1 9 453 4
1 10 152 4
1 11 653 4
1 12 781 3
1 13 725 4
1 14 435 4
1 15 832 5
1 16 794 5
1 17 266 5
1 18 346 4
1 19 549 5
1 20 203 5
1 21 864 1
1 22 199 3
1 23 771 2
1 24 648 4
1 25 704 4
1 26 302 6
1 27 341 5
1 28 678 3
1 29 760 4
1 30 485 2
1 31 753 5
1 32 695 5
1 33 852 5
1 34 376 3
1 35 310 3
1 36 454 2
1 37 334 5
1 38 394 5
1 39 756 4
1 40 612 2
1 41 598 4
1 42 364 3
1 43 782 4
1 44 508 4
1 45 844 3
1 46 589 5
1 47 420 3
1 48 617 2
1 49 603 2
1 50 671 4
1 51 345 5
1 52 359 5
1 53 548 4
1 54 373 4
1 55 749 2
1 56 471 4
1 57 268 5
1 58 389 4
1 59 420 3
1 60 338 3
1 61 336 4
1 62 558 4
1 63 717 4
1 64 564 4
1 65 441 2
1 66 706 3
1 67 176 3
1 68 543 3
1 69 629 4
1 70 389 5
1 71 584 3
1 72 605 4
1 73 559 4
1 74 730 3
1 75 548 4
1 76 482 4
1 77 756 5
1 78 331 4
1 79 603 4
1 80 391 3
1 81 756 4
1 82 935 5
1 83 720 5
1 84 495 4
1 85 695 4
1 86 249 3
1 87 468 3
1 88 819 5
1 89 941 4
1 90 716 4
1 91 314 4
1 92 490 5
1 93 500 4
1 94 346 4
1 95 831 2
1 96 640 6
1 97 303 4
1 98 573 5
1 99 570 3
1 100 367 4
2 3 501 4
2 4 751 4
2 5 495 3
2 6 244 4
2 7 235 5
2 8 738 4
2 9 450 5
2 10 266 4
2 11 594 3
2 12 861 5
2 13 815 4
2 14 355 5
2 15 879 6
2 16 885 5
2 17 372 3
2 18 572 5
2 19 644 4
2 20 310 4
2 21 947 5
2 22 467 3
2 23 825 3
2 24 625 4
2 25 701 5
2 26 416 4
2 27 308 5
2 28 765 5
2 29 899 4
2 30 417 4
2 31 853 5
2 32 858 4
2 33 880 5
2 34 331 3
2 35 366 5
2 36 602 6
2 37 357 5
2 38 575 5
2 39 836 3
2 40 723 2
2 41 654 3
2 42 546 4
2 43 866 5
2 44 243 4
2 45 867 5
2 46 699 4
2 47 414 5
2 48 803 3
2 49 585 4
2 50 806 4
2 51 339 6
2 52 220 4
2 53 689 4
2 54 539 5
2 55 861 5
2 56 693 5
2 57 150 1
2 58 481 4
2 59 461 3
2 60 279 2
2 61 330 5
2 62 658 4
2 63 692 2
2 64 666 4
2 65 547 4
2 66 754 3
2 67 490 3
2 68 579 3
2 69 723 3
2 70 124 4
2 71 612 1
2 72 649 5
2 73 606 4
2 74 852 3
2 75 463 6
2 76 364 4
2 77 767 5
2 78 474 5
2 79 539 5
2 80 344 4
2 81 432 4
2 82 966 5
2 83 692 5
2 84 383 4
2 85 826 4
2 86 330 3
2 87 565 5
2 88 858 6
2 89 952 6
2 90 844 3
2 91 447 4
2 92 511 5
2 93 348 4
2 94 484 3
2 95 862 5
2 96 593 2
2 97 314 3
2 98 439 3
2 99 695 4
2 100 526 4
3 4 767 3
3 5 349 2
3 6 268 1
3 7 369 4
3 8 647 3
3 9 356 4
3 10 383 2
3 11 866 4
3 12 759 5
3 13 669 4
3 14 208 2
3 15 858 5
3 16 730 5
3 17 226 1
3 18 432 4
3 19 547 4
3 20 440 3
3 21 908 3
3 22 87 1
3 23 786 4
3 24 784 2
3 25 546 5
3 26 533 4
3 27 387 3
3 28 621 3
3 29 793 4
3 30 429 2
3 31 708 3
3 32 733 2
3 33 780 5
3 34 264 3
3 35 238 3
3 36 645 4
3 37 144 1
3 38 469 3
3 39 750 2
3 40 518 4
3 41 581 4
3 42 434 3
3 43 719 4
3 44 507 4
3 45 870 3
3 46 593 3
3 47 308 3
3 48 697 4
3 49 802 4
3 50 633 4
3 51 233 6
3 52 583 4
3 53 496 3
3 54 563 4
3 55 671 4
3 56 405 2
3 57 406 3
3 58 380 4
3 59 348 4
3 60 575 3
3 61 224 4
3 62 567 2
3 63 812 3
3 64 519 4
3 65 439 2
3 66 660 4
3 67 110 4
3 68 715 3
3 69 581 3
3 70 388 2
3 71 685 3
3 72 646 4
3 73 459 4
3 74 565 5
3 75 436 4
3 76 451 2
3 77 676 4
3 78 263 3
3 79 563 4
3 80 628 5
3 81 861 4
3 82 964 4
3 83 571 4
3 84 383 4
3 85 761 4
3 86 486 3
3 87 495 3
3 88 868 5
3 89 908 5
3 90 561 3
3 91 341 3
3 92 308 1
3 93 612 3
3 94 356 4
3 95 882 4
3 96 749 4
3 97 508 4
3 98 800 3
3 99 556 4
3 100 315 4
4 5 1012 3
4 6 750 2
4 7 843 5
4 8 122 2
4 9 522 3
4 10 821 4
4 11 858 4
4 12 192 6
4 13 282 4
4 14 810 3
4 15 128 4
4 16 260 3
4 17 919 4
4 18 612 3
4 19 480 5
4 20 759 4
4 21 196 4
4 22 680 2
4 23 74 3
4 24 371 3
4 25 442 4
4 26 708 4
4 27 818 5
4 28 485 4
4 29 661 4
4 30 871 3
4 31 509 4
4 32 359 4
4 33 165 5
4 34 645 3
4 35 827 4
4 36 635 5
4 37 851 4
4 38 613 3
4 39 170 1
4 40 355 3
4 41 354 4
4 42 561 4
4 43 380 5
4 44 850 3
4 45 116 4
4 46 757 4
4 47 534 4
4 48 239 4
4 49 609 3
4 50 607 4
4 51 596 5
4 52 753 2
4 53 670 4
4 54 646 3
4 55 502 5
4 56 988 3
4 57 787 4
4 58 961 4
4 59 929 2
4 60 810 3
4 61 605 4
4 62 824 3
4 63 226 2
4 64 426 5
4 65 484 3
4 66 240 4
4 67 693 3
4 68 577 3
4 69 244 3
4 70 852 5
4 71 359 3
4 72 494 5
4 73 366 4
4 74 554 3
4 75 636 5
4 76 920 5
4 77 151 5
4 78 746 3
4 79 736 4
4 80 793 2
4 81 715 4
4 82 325 5
4 83 555 3
4 84 477 4
4 85 317 4
4 86 809 3
4 87 411 4
4 88 334 5
4 89 201 4
4 90 540 3
4 91 565 5
4 92 631 4
4 93 763 2
4 94 945 3
4 95 230 5
4 96 624 3
4 97 697 3
4 98 836 3
4 99 475 5
4 100 712 2
5 6 491 3
5 7 481 3
5 8 941 4
5 9 598 2
5 10 493 4
5 11 814 2
5 12 1050 3
5 13 986 3
5 14 557 2
5 15 1124 4
5 16 1003 3
5 17 123 3
5 18 543 4
5 19 783 4
5 20 386 1
5 21 1187 3
5 22 332 1
5 23 1065 2
5 24 970 3
5 25 848 3
5 26 519 5
5 27 470 5
5 28 869 3
5 29 957 3
5 30 326 4
5 31 1007 4
5 32 999 3
5 33 1080 4
5 34 476 3
5 35 463 3
5 36 760 4
5 37 206 3
5 38 552 3
5 39 1030 4
5 40 847 3
5 41 826 2
5 42 654 1
5 43 1022 4
5 44 490 2
5 45 1112 3
5 46 597 1
5 47 529 4
5 48 942 2
5 49 861 3
5 50 831 4
5 51 478 5
5 52 546 3
5 53 676 2
5 54 695 2
5 55 959 4
5 56 205 4
5 57 377 4
5 58 605 3
5 59 573 2
5 60 499 1
5 61 469 2
5 62 755 4
5 63 988 2
5 64 818 4
5 65 684 2
5 66 901 4
5 67 329 3
5 68 706 2
5 69 890 1
5 70 371 4
5 71 910 2
5 72 885 3
5 73 773 2
5 74 910 3
5 75 675 4
5 76 532 4
5 77 969 5
5 78 429 3
5 79 507 4
5 80 564 3
5 81 906 4
5 82 1241 3
5 83 867 3
5 84 628 4
5 85 996 2
5 86 436 4
5 87 659 5
5 88 1141 4
5 89 1182 4
5 90 910 3
5 91 586 4
5 92 604 3
5 93 595 5
5 94 581 3
5 95 1136 4
5 96 756 3
5 97 486 2
5 98 746 2
5 99 775 3
5 100 481 2
6 7 231 5
6 8 628 2
6 9 469 4
6 10 510 3
6 11 598 5
6 12 709 4
6 13 668 4
6 14 111 1
6 15 747 5
6 16 713 4
6 17 368 2
6 18 328 3
6 19 440 4
6 20 257 2
6 21 838 2
6 22 355 2
6 23 824 3
6 24 567 1
6 25 703 5
6 26 549 4
6 27 119 3
6 28 600 4
6 29 742 3
6 30 173 1
6 31 699 4
6 32 614 3
6 33 798 5
6 34 300 2
6 35 304 2
6 36 377 3
6 37 412 2
6 38 385 2
6 39 684 1
6 40 558 3
6 41 643 3
6 42 409 4
6 43 702 3
6 44 239 4
6 45 735 3
6 46 516 4
6 47 400 2
6 48 716 4
6 49 584 3
6 50 714 4
6 51 325 6
6 52 334 3
6 53 539 4
6 54 295 4
6 55 705 3
6 56 449 1
6 57 394 4
6 58 445 3
6 59 414 4
6 60 348 4
6 61 316 3
6 62 498 1
6 63 634 3
6 64 510 3
6 65 332 3
6 66 583 4
6 67 378 4
6 68 553 2
6 69 572 3
6 70 120 3
6 71 501 3
6 72 631 4
6 73 450 4
6 74 734 4
6 75 459 4
6 76 280 3
6 77 657 3
6 78 497 3
6 79 295 3
6 80 382 4
6 81 676 4
6 82 857 5
6 83 591 3
6 84 475 4
6 85 654 4
6 86 307 2
6 87 339 2
6 88 741 4
6 89 864 4
6 90 720 4
6 91 433 4
6 92 459 2
6 93 344 2
6 94 422 4
6 95 815 4
6 96 603 4
6 97 240 5
6 98 546 3
6 99 570 4
6 100 445 3
7 8 721 5
7 9 447 4
7 10 501 4
7 11 773 2
7 12 758 3
7 13 767 2
7 14 342 5
7 15 785 4
7 16 780 3
7 17 358 3
7 18 559 6
7 19 563 5
7 20 297 4
7 21 848 3
7 22 282 4
7 23 842 4
7 24 651 4
7 25 663 4
7 26 540 6
7 27 295 4
7 28 680 3
7 29 807 5
7 30 404 4
7 31 783 2
7 32 792 2
7 33 859 4
7 34 278 5
7 35 340 5
7 36 589 4
7 37 417 4
7 38 483 5
7 39 783 5
7 40 702 3
7 41 595 4
7 42 454 3
7 43 794 4
7 44 230 4
7 45 773 5
7 46 607 4
7 47 322 5
7 48 677 4
7 49 506 4
7 50 753 4
7 51 247 5
7 52 455 5
7 53 608 1
7 54 526 4
7 55 763 2
7 56 554 5
7 57 385 5
7 58 472 5
7 59 440 4
7 60 510 3
7 61 238 3
7 62 669 6
7 63 768 4
7 64 609 4
7 65 455 4
7 66 681 4
7 67 259 2
7 68 346 4
7 69 671 3
7 70 111 3
7 71 709 4
7 72 422 1
7 73 549 3
7 74 758 3
7 75 450 4
7 76 456 4
7 77 743 6
7 78 411 4
7 79 526 4
7 80 539 5
7 81 659 3
7 82 982 2
7 83 574 4
7 84 397 3
7 85 599 2
7 86 347 3
7 87 509 5
7 88 873 3
7 89 786 5
7 90 752 3
7 91 355 3
7 92 419 5
7 93 335 4
7 94 458 5
7 95 777 6
7 96 779 5
7 97 397 4
7 98 674 5
7 99 611 5
7 100 463 4
8 9 400 4
8 10 714 5
8 11 936 5
8 12 128 6
8 13 218 5
8 14 688 3
8 15 211 5
8 16 343 4
8 17 859 4
8 18 490 5
8 19 470 6
8 20 806 4
8 21 318 4
8 22 620 3
8 23 196 3
8 24 455 3
8 25 371 3
8 26 647 4
8 27 747 5
8 28 391 4
8 29 539 5
8 30 749 3
8 31 493 4
8 32 308 5
8 33 287 6
8 34 523 4
8 35 764 4
8 36 513 5
8 37 782 4
8 38 540 4
8 39 103 1
8 40 233 3
8 41 232 4
8 42 439 5
8 43 316 4
8 44 818 4
8 45 223 4
8 46 635 5
8 47 412 2
8 48 168 5
8 49 722 4
8 50 485 5
8 51 474 6
8 52 804 4
8 53 548 5
8 54 632 4
8 55 387 5
8 56 911 3
8 57 665 5
8 58 869 5
8 59 874 4
8 60 812 4
8 61 483 5
8 62 702 3
8 63 332 4
8 64 304 5
8 65 362 4
8 66 118 5
8 67 643 4
8 68 648 4
8 69 122 3
8 70 730 5
8 71 387 3
8 72 406 5
8 73 244 4
8 74 432 4
8 75 539 3
8 76 874 5
8 77 29 5
8 78 624 1
8 79 614 2
8 80 847 4
8 81 837 5
8 82 418 6
8 83 433 1
8 84 355 5
8 85 229 4
8 86 849 3
8 87 289 4
8 88 395 3
8 89 320 2
8 90 418 5
8 91 443 6
8 92 509 4
8 93 809 2
8 94 866 4
8 95 337 5
8 96 702 4
8 97 809 5
8 98 910 5
8 99 353 6
8 100 590 3
9 10 397 5
9 11 798 2
9 12 453 5
9 13 417 5
9 14 358 4
9 15 545 5
9 16 435 4
9 17 507 5
9 18 395 4
9 19 194 2
9 20 501 3
9 21 597 3
9 22 269 3
9 23 582 4
9 24 635 3
9 25 251 4
9 26 247 5
9 27 363 3
9 28 366 3
9 29 661 4
9 30 505 4
9 31 467 5
9 32 534 4
9 33 687 5
9 34 169 5
9 35 408 5
9 36 434 6
9 37 434 3
9 38 454 4
9 39 433 3
9 40 549 3
9 41 418 4
9 42 379 3
9 43 509 3
9 44 521 3
9 45 557 4
9 46 578 3
9 47 293 4
9 48 454 4
9 49 651 4
9 50 394 3
9 51 218 6
9 52 578 4
9 53 453 3
9 54 556 4
9 55 443 4
9 56 572 5
9 57 357 4
9 58 550 4
9 59 518 4
9 60 592 3
9 61 209 4
9 62 607 5
9 63 558 4
9 64 480 5
9 65 302 4
9 66 304 5
9 67 277 4
9 68 712 3
9 69 492 2
9 70 456 5
9 71 425 4
9 72 412 4
9 73 420 3
9 74 421 2
9 75 202 2
9 76 509 4
9 77 371 4
9 78 330 4
9 79 274 2
9 80 619 4
9 81 723 4
9 82 684 4
9 83 621 4
9 84 368 4
9 85 447 3
9 86 515 2
9 87 480 5
9 88 673 3
9 89 607 5
9 90 407 3
9 91 326 5
9 92 390 5
9 93 452 3
9 94 526 4
9 95 634 5
9 96 670 4
9 97 484 4
9 98 758 4
9 99 258 5
9 100 278 1
10 11 741 4
10 12 785 5
10 13 748 2
10 14 493 4
10 15 798 4
10 16 701 3
10 17 418 3
10 18 455 2
10 19 515 6
10 20 312 4
10 21 869 3
10 22 351 3
10 23 747 4
10 24 545 3
10 25 643 3
10 26 150 2
10 27 450 5
10 28 712 4
10 29 860 5
10 30 594 4
10 31 793 4
10 32 772 4
10 33 823 4
10 34 304 4
10 35 462 3
10 36 342 4
10 37 425 3
10 38 513 4
10 39 761 4
10 40 689 4
10 41 592 4
10 42 514 5
10 43 804 4
10 44 460 4
10 45 786 1
10 46 667 3
10 47 302 4
10 48 583 3
10 49 559 4
10 50 776 5
10 51 307 5
10 52 459 3
10 53 667 4
10 54 275 2
10 55 835 4
10 56 623 4
10 57 116 3
10 58 523 5
10 59 491 2
10 60 490 3
10 61 298 3
10 62 624 4
10 63 690 5
10 64 604 6
10 65 515 2
10 66 701 5
10 67 328 3
10 68 643 4
10 69 666 4
10 70 390 4
10 71 592 4
10 72 658 3
10 73 544 4
10 74 810 5
10 75 448 5
10 76 330 4
10 77 722 5
10 78 483 5
10 79 462 3
10 80 543 5
10 81 626 4
10 82 837 4
10 83 634 5
10 84 457 3
10 85 661 4
10 86 349 4
10 87 567 3
10 88 721 4
10 89 829 4
10 90 800 5
10 91 413 4
10 92 399 3
10 93 355 4
10 94 498 4
10 95 795 2
10 96 562 4
10 97 412 4
10 98 678 4
10 99 650 4
10 100 501 5
11 12 1032 4
11 13 1057 3
11 14 664 4
11 15 948 4
11 16 915 4
11 17 919 3
11 18 926 6
11 19 826 4
11 20 528 3
11 21 939 4
11 22 808 3
11 23 932 2
11 24 534 5
11 25 897 3
11 26 591 6
11 27 544 5
11 28 1079 4
11 29 1299 4
11 30 512 5
11 31 1113 4
11 32 830 2
11 33 1023 4
11 34 765 4
11 35 902 5
11 36 424 5
11 37 951 5
11 38 970 5
11 39 1011 4
11 40 1039 3
11 41 1020 2
11 42 796 3
11 43 1128 4
11 44 704 4
11 45 952 5
11 46 1111 3
11 47 717 4
11 48 773 2
11 49 267 4
11 50 1192 5
11 51 751 5
11 52 374 5
11 53 1115 1
11 54 556 4
11 55 1188 4
11 56 974 4
11 57 680 4
11 58 994 5
11 59 962 2
11 60 315 1
11 61 742 4
11 62 1096 6
11 63 679 4
11 64 949 4
11 65 871 4
11 66 958 4
11 67 829 2
11 68 427 4
11 69 971 3
11 70 714 4
11 71 689 2
11 72 812 3
11 73 897 3
11 74 1219 4
11 75 602 3
11 76 705 4
11 77 907 6
11 78 947 5
11 79 893 4
11 80 380 3
11 81 420 4
11 82 869 2
11 83 1058 5
11 84 684 4
11 85 717 3
11 86 484 4
11 87 822 6
11 88 766 3
11 89 860 4
11 90 1205 3
11 91 859 3
11 92 814 5
11 93 732 5
11 94 955 5
11 95 873 5
11 96 234 4
11 97 428 2
11 98 562 4
11 99 1056 3
11 100 971 3
12 13 90 4
12 14 795 5
12 15 209 4
12 16 269 4
12 17 957 5
12 18 573 5
12 19 486 4
12 20 876 4
12 21 283 4
12 22 722 4
12 23 174 4
12 24 553 4
12 25 453 4
12 26 700 6
12 27 738 3
12 28 293 4
12 29 522 2
12 30 867 3
12 31 432 5
12 32 230 4
12 33 294 5
12 34 622 4
12 35 858 6
12 36 609 1
12 37 885 6
12 38 587 5
12 39 25 5
12 40 279 5
12 41 256 4
12 42 420 3
12 43 188 4
12 44 939 5
12 45 197 4
12 46 674 2
12 47 540 4
12 48 261 2
12 49 801 4
12 50 492 5
12 51 583 5
12 52 900 5
12 53 596 3
12 54 696 3
12 55 310 5
12 56 1015 5
12 57 723 5
12 58 946 3
12 59 945 4
12 60 940 3
12 61 590 3
12 62 785 5
12 63 418 4
12 64 243 1
12 65 378 5
12 66 149 5
12 67 727 4
12 68 744 3
12 69 186 4
12 70 820 5
12 71 347 4
12 72 476 4
12 73 303 3
12 74 421 6
12 75 573 5
12 76 899 4
12 77 125 4
12 78 719 5
12 79 713 5
12 80 942 4
12 81 894 5
12 82 406 2
12 83 495 5
12 84 478 5
12 85 329 4
12 86 887 5
12 87 393 4
12 88 415 5
12 89 357 4
12 90 420 4
12 91 533 5
12 92 474 6
12 93 840 6
12 94 970 5
12 95 311 3
12 96 798 4
12 97 842 4
12 98 1006 4
12 99 401 3
12 100 667 5
13 14 731 3
13 15 281 2
13 16 179 1
13 17 889 3
13 18 483 4
13 19 444 4
13 20 869 2
13 21 373 4
13 22 654 4
13 23 264 5
13 24 585 4
13 25 363 3
13 26 664 4
13 27 778 3
13 28 383 2
13 29 433 5
13 30 826 4
13 31 467 2
13 32 278 3
13 33 384 4
13 34 556 4
13 35 781 4
13 36 670 4
13 37 811 4
13 38 504 4
13 39 115 4
13 40 207 2
13 41 227 4
13 42 381 3
13 43 115 3
13 44 887 4
13 45 287 3
13 46 609 2
13 47 481 5
13 48 341 3
13 49 814 3
13 50 402 3
13 51 521 3
13 52 878 4
13 53 525 2
13 54 606 2
13 55 220 4
13 56 951 4
13 57 673 5
13 58 869 5
13 59 871 4
13 60 916 4
13 61 529 1
13 62 695 5
13 63 501 3
13 64 278 4
13 65 336 3
13 66 113 3
13 67 659 1
13 68 743 4
13 69 96 3
13 70 768 3
13 71 368 3
13 72 484 1
13 73 218 2
13 74 331 3
13 75 483 3
13 76 863 2
13 77 202 6
13 78 647 5
13 79 666 4
13 80 923 5
13 81 915 3
13 82 482 2
13 83 415 4
13 84 432 1
13 85 419 2
13 86 863 3
13 87 329 5
13 88 505 4
13 89 447 4
13 90 330 4
13 91 462 2
13 92 384 3
13 93 787 4
13 94 885 4
13 95 401 4
13 96 833 5
13 97 806 4
13 98 1003 3
13 99 330 4
13 100 595 4
14 15 858 5
14 16 771 4
14 17 434 3
14 18 439 4
14 19 530 5
14 20 232 1
14 21 883 3
14 22 295 3
14 23 787 4
14 24 678 2
14 25 592 4
14 26 605 5
14 27 204 4
14 28 647 4
14 29 774 4
14 30 284 2
14 31 750 5
14 32 725 4
14 33 826 4
14 34 189 3
14 35 415 3
14 36 486 4
14 37 352 3
14 38 450 3
14 39 775 2
14 40 669 4
14 41 562 4
14 42 421 3
14 43 761 4
14 44 350 3
14 45 846 4
14 46 574 3
14 47 289 3
14 48 678 4
14 49 695 4
14 50 664 5
14 51 214 6
14 52 392 3
14 53 530 4
14 54 406 3
14 55 739 4
14 56 560 2
14 57 377 5
14 58 334 4
14 59 366 4
14 60 433 3
14 61 205 2
14 62 609 2
14 63 745 4
14 64 567 4
14 65 422 4
14 66 646 5
14 67 318 4
14 68 576 3
14 69 635 2
14 70 231 4
14 71 612 4
14 72 520 4
14 73 516 3
14 74 715 4
14 75 417 5
14 76 243 4
14 77 710 4
14 78 471 4
14 79 406 4
14 80 423 3
14 81 787 5
14 82 968 5
14 83 518 2
14 84 364 4
14 85 650 3
14 86 282 3
14 87 402 3
14 88 852 5
14 89 865 3
14 90 719 5
14 91 322 5
14 92 348 3
14 93 455 3
14 94 377 4
14 95 905 4
14 96 541 4
14 97 325 4
14 98 599 2
14 99 578 5
14 100 523 3
15 16 132 1
15 17 1044 4
15 18 685 3
15 19 352 5
15 20 883 4
15 21 324 4
15 22 806 5
15 23 202 5
15 24 430 5
15 25 316 4
15 26 731 6
15 27 748 5
15 28 502 4
15 29 714 5
15 30 892 5
15 31 381 4
15 32 231 4
15 33 293 5
15 34 706 4
15 35 952 5
15 36 617 4
15 37 976 6
15 38 726 5
15 39 234 4
15 40 444 4
15 41 443 5
15 42 534 5
15 43 388 4
15 44 978 5
15 45 12 4
15 46 833 4
15 47 595 5
15 48 215 3
15 49 697 5
15 50 683 5
15 51 664 1
15 52 881 4
15 53 753 3
15 54 616 3
15 55 501 5
15 56 1114 6
15 57 855 6
15 58 1077 7
15 59 1053 5
15 60 920 4
15 61 673 3
15 62 897 6
15 63 285 5
15 64 391 5
15 65 457 4
15 66 329 5
15 67 819 3
15 68 705 6
15 69 333 5
15 70 867 5
15 71 418 5
15 72 415 3
15 73 451 4
15 74 612 5
15 75 532 3
15 76 909 4
15 77 240 7
15 78 835 5
15 79 818 6
15 80 906 5
15 81 822 5
15 82 207 2
15 83 644 4
15 84 566 3
15 85 238 4
15 86 881 5
15 87 492 4
15 88 230 5
15 89 329 5
15 90 611 5
15 91 646 4
15 92 560 5
15 93 891 5
15 94 1066 5
15 95 126 5
15 96 735 5
15 97 817 4
15 98 933 5
15 99 558 2
15 100 801 4
16 17 921 4
16 18 597 4
16 19 484 5
16 20 790 3
16 21 456 5
16 22 704 4
16 23 334 5
16 24 562 5
16 25 184 3
16 26 682 5
16 27 798 4
16 28 538 3
16 29 612 6
16 30 790 4
16 31 400 3
16 32 99 4
16 33 425 4
16 34 582 3
16 35 829 5
16 36 491 3
16 37 852 5
16 38 679 5
16 39 294 3
16 40 386 3
16 41 406 5
16 42 516 4
16 43 294 3
16 44 888 4
16 45 144 4
16 46 702 3
16 47 525 4
16 48 347 4
16 49 676 4
16 50 581 4
16 51 600 2
16 52 828 5
16 53 627 3
16 54 484 2
16 55 399 5
16 56 1007 5
16 57 770 5
16 58 971 6
16 59 939 5
16 60 840 4
16 61 609 2
16 62 809 5
16 63 417 4
16 64 457 5
16 65 439 4
16 66 292 4
16 67 712 2
16 68 650 5
16 69 275 4
16 70 769 4
16 71 547 4
16 72 358 2
16 73 397 3
16 74 502 4
16 75 430 2
16 76 816 3
16 77 372 6
16 78 765 4
16 79 709 5
16 80 836 5
16 81 829 4
16 82 339 3
16 83 513 3
16 84 611 2
16 85 370 3
16 86 794 4
16 87 508 5
16 88 362 4
16 89 461 4
16 90 488 5
16 91 635 3
16 92 428 4
16 93 833 4
16 94 947 4
16 95 258 5
16 96 695 4
16 97 734 4
16 98 888 4
16 99 445 3
16 100 713 3
17 18 420 5
17 19 699 3
17 20 410 4
17 21 1096 4
17 22 239 2
17 23 988 5
17 24 914 3
17 25 758 4
17 26 396 5
17 27 432 2
17 28 770 4
17 29 834 4
17 30 449 3
17 31 886 4
17 32 919 1
17 33 997 4
17 34 353 3
17 35 364 4
17 36 720 5
17 37 83 2
17 38 429 4
17 39 939 3
17 40 742 4
17 41 715 5
17 42 592 4
17 43 913 4
17 44 367 3
17 45 1032 4
17 46 720 4
17 47 460 4
17 48 849 5
17 49 863 4
17 50 708 5
17 51 385 5
17 52 570 4
17 53 555 2
17 54 639 5
17 55 846 4
17 56 328 3
17 57 339 2
17 58 506 4
17 59 474 5
17 60 604 4
17 61 376 4
17 62 632 3
17 63 937 2
17 64 734 5
17 65 591 3
17 66 811 3
17 67 230 3
17 68 703 3
17 69 796 4
17 70 248 1
17 71 837 4
17 72 773 3
17 73 674 4
17 74 787 4
17 75 579 3
17 76 409 1
17 77 878 5
17 78 306 4
17 79 630 5
17 80 639 4
17 81 783 3
17 82 1148 3
17 83 797 5
17 84 535 4
17 85 913 4
17 86 460 4
17 87 576 4
17 88 1034 4
17 89 1089 5
17 90 787 2
17 91 493 2
17 92 534 2
17 93 472 4
17 94 482 3
17 95 1071 5
17 96 785 3
17 97 497 5
17 98 787 4
17 99 662 5
17 100 358 5
18 19 480 5
18 20 549 3
18 21 745 3
18 22 345 4
18 23 686 5
18 24 706 2
18 25 413 4
18 26 499 4
18 27 447 5
18 28 350 5
18 29 414 4
18 30 487 2
18 31 573 4
18 32 594 5
18 33 777 4
18 34 390 3
18 35 305 4
18 36 705 4
18 37 337 3
18 38 476 2
18 39 574 4
18 40 545 4
18 41 509 5
18 42 295 5
18 43 493 3
18 44 567 5
18 45 675 3
18 46 630 5
18 47 266 3
18 48 616 5
18 49 824 4
18 50 504 5
18 51 341 4
18 52 650 1
18 53 420 5
18 54 623 4
18 55 426 4
18 56 663 4
18 57 502 5
18 58 409 4
18 59 388 4
18 60 676 5
18 61 350 4
18 62 212 4
18 63 684 3
18 64 541 4
18 65 372 4
18 66 445 3
18 67 368 5
18 68 686 3
18 69 434 4
18 70 448 5
18 71 551 4
18 72 536 5
18 73 490 5
18 74 406 4
18 75 412 4
18 76 608 6
18 77 519 4
18 78 169 4
18 79 451 4
18 80 710 5
18 81 887 3
18 82 884 5
18 83 432 6
18 84 509 5
18 85 572 5
18 86 595 3
18 87 201 1
18 88 742 3
18 89 761 5
18 90 392 4
18 91 355 4
18 92 169 5
18 93 574 4
18 94 403 4
18 95 789 4
18 96 890 6
18 97 568 5
18 98 849 2
18 99 242 5
18 100 117 3
19 20 608 5
19 21 405 4
19 22 460 5
19 23 496 5
19 24 441 3
19 25 445 6
19 26 379 6
19 27 470 1
19 28 270 5
19 29 646 5
19 30 613 5
19 31 475 3
19 32 448 4
19 33 560 5
19 34 359 6
19 35 602 6
19 36 628 5
19 37 628 5
19 38 570 4
19 39 511 5
19 40 355 4
19 41 419 5
19 42 185 5
19 43 486 5
19 44 679 5
19 45 364 5
19 46 511 5
19 47 408 6
19 48 331 5
19 49 651 5
19 50 471 5
19 51 334 6
19 52 685 5
19 53 505 4
19 54 362 6
19 55 563 5
19 56 766 5
19 57 507 5
19 58 729 5
19 59 705 5
19 60 699 4
19 61 325 5
19 62 692 5
19 63 364 5
19 64 286 5
19 65 108 5
19 66 498 5
19 67 471 5
19 68 599 4
19 69 348 4
19 70 560 4
19 71 231 3
19 72 426 4
19 73 226 5
19 74 542 4
19 75 396 4
19 76 631 2
19 77 447 5
19 78 524 6
19 79 466 4
19 80 714 5
19 81 750 4
19 82 490 3
19 83 571 6
19 84 484 5
19 85 253 5
19 86 658 4
19 87 581 6
19 88 558 5
19 89 681 7
19 90 528 5
19 91 442 5
19 92 311 5
19 93 584 5
19 94 720 6
19 95 478 6
19 96 592 6
19 97 591 4
19 98 783 4
19 99 378 6
19 100 472 3
20 21 912 4
20 22 402 2
20 23 833 3
20 24 630 3
20 25 735 3
20 26 462 6
20 27 138 5
20 28 804 4
20 29 945 4
20 30 282 3
20 31 889 4
20 32 794 4
20 33 890 3
20 34 384 4
20 35 429 4
20 36 609 4
20 37 493 4
20 38 590 2
20 39 853 3
20 40 769 4
20 41 689 3
20 42 567 2
20 43 904 5
20 44 305 3
20 45 875 4
20 46 713 2
20 47 394 3
20 48 669 3
20 49 504 4
20 50 856 5
20 51 387 5
20 52 160 2
20 53 744 3
20 54 364 2
20 55 915 4
20 56 591 3
20 57 196 4
20 58 555 4
20 59 523 3
20 60 213 2
20 61 378 1
20 62 690 3
20 63 699 3
20 64 749 5
20 65 589 3
20 66 793 4
20 67 379 3
20 68 344 3
20 69 811 2
20 70 186 5
20 71 758 3
20 72 529 3
20 73 689 3
20 74 899 4
20 75 525 5
20 76 299 4
20 77 808 5
20 78 534 4
20 79 552 5
20 80 242 4
20 81 657 4
20 82 905 4
20 83 735 3
20 84 537 3
20 85 684 3
20 86 50 4
20 87 596 4
20 88 810 4
20 89 960 4
20 90 891 4
20 91 493 4
20 92 491 4
20 93 301 4
20 94 547 3
20 95 860 3
20 96 491 4
20 97 100 3
20 98 377 1
20 99 741 4
20 100 570 3
21 22 857 2
21 23 122 3
21 24 567 3
21 25 490 5
21 26 756 5
21 27 774 4
21 28 576 4
21 29 781 4
21 30 917 1
21 31 448 4
21 32 463 4
21 33 242 4
21 34 754 2
21 35 1000 2
21 36 831 3
21 37 1024 4
21 38 786 4
21 39 258 3
21 40 500 3
21 41 489 4
21 42 583 4
21 43 471 4
21 44 1033 4
21 45 312 2
21 46 899 4
21 47 658 2
21 48 287 3
21 49 676 3
21 50 749 5
21 51 711 4
21 52 879 4
21 53 814 4
21 54 767 4
21 55 567 1
21 56 1161 3
21 57 902 6
21 58 1111 4
21 59 1103 2
21 60 931 3
21 61 720 3
21 62 957 3
21 63 422 3
21 64 522 3
21 65 506 1
21 66 387 4
21 67 866 4
21 68 773 3
21 69 389 4
21 70 951 5
21 71 555 4
21 72 426 3
21 73 462 5
21 74 680 4
21 75 636 4
21 76 928 3
21 77 347 4
21 78 887 3
21 79 871 3
21 80 917 4
21 81 829 3
21 82 521 5
21 83 706 5
21 84 673 4
21 85 365 3
21 86 905 4
21 87 544 2
21 88 514 4
21 89 397 4
21 90 677 3
21 91 698 3
21 92 709 4
21 93 928 4
21 94 1118 4
21 95 426 3
21 96 716 6
21 97 835 4
21 98 956 4
21 99 623 2
21 100 859 4
22 23 750 3
22 24 731 3
22 25 520 4
22 26 497 5
22 27 409 4
22 28 563 4
22 29 706 4
22 30 342 3
22 31 682 4
22 32 691 3
22 33 758 4
22 34 177 3
22 35 151 2
22 36 614 5
22 37 181 2
22 38 382 4
22 39 702 3
22 40 517 3
22 41 494 3
22 42 353 2
22 43 693 5
22 44 503 3
22 45 796 2
22 46 506 2
22 47 221 3
22 48 610 3
22 49 762 4
22 50 546 5
22 51 146 6
22 52 543 3
22 53 409 3
22 54 493 3
22 55 653 3
22 56 318 3
22 57 319 4
22 58 293 4
22 59 261 3
22 60 493 2
22 61 137 3
22 62 480 3
22 63 725 3
22 64 508 5
22 65 352 1
22 66 573 4
22 67 23 4
22 68 628 3
22 69 570 2
22 70 384 3
22 71 598 2
22 72 559 4
22 73 448 3
22 74 633 4
22 75 349 4
22 76 533 3
22 77 640 5
22 78 176 2
22 79 526 4
22 80 558 4
22 81 774 3
22 82 909 4
22 83 562 4
22 84 296 5
22 85 674 3
22 86 448 4
22 87 408 4
22 88 837 5
22 89 850 4
22 90 619 4
22 91 254 4
22 92 318 2
22 93 584 4
22 94 269 4
22 95 832 3
22 96 700 4
22 97 502 3
22 98 713 2
22 99 469 3
22 100 228 3
23 24 445 4
23 25 368 5
23 26 634 5
23 27 885 5
23 28 467 4
23 29 673 4
23 30 900 3
23 31 570 5
23 32 354 4
23 33 120 6
23 34 653 4
23 35 891 5
23 36 709 4
23 37 916 5
23 38 664 5
23 39 149 2
23 40 403 3
23 41 380 2
23 42 594 3
23 43 362 4
23 44 924 4
23 45 190 5
23 46 816 3
23 47 536 2
23 48 165 2
23 49 668 4
23 50 627 5
23 51 604 5
23 52 827 5
23 53 744 3
23 54 712 4
23 55 484 4
23 56 1053 4
23 57 795 4
23 58 1017 5
23 59 992 2
23 60 874 1
23 61 613 4
23 62 871 4
23 63 300 4
23 64 408 5
23 65 549 4
23 66 278 4
23 67 758 4
23 68 651 4
23 69 318 3
23 70 860 6
23 71 433 2
23 72 420 4
23 73 431 4
23 74 571 4
23 75 630 4
23 76 994 6
23 77 225 6
23 78 791 3
23 79 810 4
23 80 867 3
23 81 781 5
23 82 399 4
23 83 619 4
23 84 551 5
23 85 243 3
23 86 883 4
23 87 485 4
23 88 392 5
23 89 275 5
23 90 585 5
23 91 583 4
23 92 612 5
23 93 837 3
23 94 1009 5
23 95 304 4
23 96 698 5
23 97 771 2
23 98 910 4
23 99 549 3
23 100 739 4
24 25 507 4
24 26 695 4
24 27 501 3
24 28 711 3
24 29 968 2
24 30 644 2
24 31 723 4
24 32 661 4
24 33 533 4
24 34 634 3
24 35 865 3
24 36 484 4
24 37 869 3
24 38 768 1
24 39 530 2
24 40 671 2
24 41 576 4
24 42 534 4
24 43 698 4
24 44 804 3
24 45 418 2
24 46 952 4
24 47 637 3
24 48 304 4
24 49 267 2
24 50 903 4
24 51 593 6
24 52 524 2
24 53 869 4
24 54 275 4
24 55 775 4
24 56 1011 2
24 57 661 3
24 58 998 2
24 59 975 4
24 60 583 4
24 61 594 4
24 62 918 2
24 63 145 2
24 64 584 3
24 65 548 3
24 66 527 3
24 67 731 3
24 68 305 1
24 69 560 2
24 70 685 3
24 71 278 3
24 72 403 3
24 73 570 3
24 74 852 3
24 75 613 4
24 76 648 4
24 77 438 2
24 78 867 4
24 79 822 4
24 80 549 3
24 81 420 4
24 82 341 5
24 83 780 4
24 84 574 4
24 85 226 3
24 86 580 1
24 87 528 3
24 88 233 4
24 89 572 4
24 90 858 3
24 91 682 3
24 92 540 3
24 93 831 2
24 94 983 3
24 95 532 3
24 96 319 4
24 97 539 4
24 98 731 3
24 99 765 5
24 100 815 3
25 26 498 5
25 27 614 6
25 28 369 4
25 29 664 4
25 30 705 4
25 31 216 4
25 32 283 4
25 33 488 3
25 34 420 3
25 35 659 3
25 36 477 4
25 37 685 6
25 38 495 4
25 39 474 4
25 40 547 5
25 41 475 3
25 42 370 4
25 43 478 4
25 44 737 1
25 45 328 3
25 46 722 2
25 47 341 5
25 48 203 4
25 49 694 3
25 50 463 5
25 51 416 5
25 52 726 5
25 53 443 3
25 54 439 1
25 55 446 4
25 56 823 5
25 57 607 4
25 58 791 4
25 59 759 5
25 60 785 4
25 61 425 2
25 62 625 4
25 63 601 4
25 64 405 5
25 65 447 4
25 66 431 4
25 67 528 4
25 68 761 3
25 69 459 2
25 70 672 3
25 71 626 5
25 72 458 4
25 73 465 3
25 74 365 4
25 75 453 5
25 76 755 5
25 77 342 6
25 78 581 4
25 79 525 2
25 80 791 2
25 81 754 4
25 82 523 4
25 83 507 2
25 84 584 4
25 85 281 3
25 86 766 4
25 87 614 5
25 88 422 1
25 89 414 1
25 90 351 5
25 91 517 5
25 92 244 6
25 93 649 4
25 94 765 4
25 95 383 2
25 96 742 3
25 97 703 3
25 98 874 4
25 99 261 5
25 100 529 3
26 27 600 6
26 28 613 4
26 29 908 6
26 30 722 5
26 31 714 4
26 32 781 6
26 33 673 5
26 34 416 6
26 35 346 5
26 36 492 6
26 37 479 5
26 38 379 5
26 39 680 3
26 40 700 4
26 41 665 6
26 42 564 6
26 43 658 2
26 44 310 4
26 45 743 3
26 46 782 5
26 47 452 5
26 48 701 4
26 49 593 5
26 50 641 5
26 51 457 7
26 52 563 5
26 53 533 6
26 54 425 4
26 55 690 6
26 56 614 4
26 57 266 3
26 58 488 6
26 59 456 4
26 60 622 5
26 61 448 5
26 62 675 5
26 63 575 6
26 64 665 5
26 65 487 4
26 66 551 5
26 67 478 5
26 68 750 5
26 69 727 4
26 70 429 6
26 71 442 5
26 72 659 5
26 73 605 4
26 74 660 5
26 75 449 3
26 76 480 5
26 77 618 6
26 78 434 5
26 79 312 5
26 80 601 5
26 81 476 4
26 82 869 6
26 83 484 5
26 84 607 5
26 85 632 5
26 86 456 3
26 87 661 4
26 88 871 6
26 89 854 5
26 90 654 5
26 91 507 6
26 92 549 4
26 93 205 2
26 94 464 5
26 95 690 4
26 96 423 2
26 97 562 6
26 98 533 6
26 99 505 5
26 100 382 5
27 28 710 4
27 29 838 5
27 30 144 4
27 31 751 2
27 32 733 3
27 33 893 4
27 34 312 5
27 35 423 5
27 36 496 4
27 37 515 4
27 38 504 4
27 39 763 4
27 40 677 5
27 41 551 5
27 42 488 5
27 43 821 4
27 44 303 5
27 45 760 5
27 46 635 5
27 47 356 5
27 48 745 5
27 49 642 5
27 50 757 5
27 51 281 6
27 52 215 5
27 53 648 4
27 54 385 5
27 55 806 5
27 56 568 4
27 57 334 4
27 58 538 5
27 59 521 5
27 60 229 4
27 61 272 4
27 62 617 4
27 63 646 4
27 64 629 4
27 65 451 5
27 66 665 5
27 67 432 4
27 68 482 4
27 69 691 5
27 70 184 3
27 71 620 4
27 72 667 3
27 73 569 5
27 74 784 5
27 75 484 3
27 76 161 1
27 77 734 5
27 78 585 5
27 79 414 5
27 80 263 4
27 81 740 3
27 82 782 4
27 83 697 6
27 84 431 4
27 85 705 4
27 86 188 4
27 87 458 5
27 88 734 6
27 89 970 7
27 90 770 4
27 91 386 4
27 92 453 4
27 93 408 4
27 94 541 5
27 95 874 6
27 96 512 5
27 97 121 3
27 98 427 5
27 99 621 6
27 100 564 4
28 29 511 3
28 30 773 3
28 31 585 3
28 32 439 4
28 33 587 5
28 34 482 2
28 35 651 4
28 36 725 4
28 37 687 4
28 38 342 4
28 39 318 4
28 40 453 3
28 41 159 4
28 42 379 4
28 43 359 2
28 44 807 3
28 45 490 4
28 46 394 2
28 47 410 3
28 48 431 4
28 49 887 1
28 50 201 1
28 51 451 5
28 52 881 4
28 53 303 4
28 54 621 3
28 55 293 5
28 56 835 4
28 57 624 5
28 58 714 3
28 59 720 3
28 60 903 3
28 61 442 3
28 62 499 3
28 63 634 3
28 64 480 4
28 65 302 3
28 66 273 2
28 67 540 3
28 68 788 2
28 69 342 2
28 70 689 4
28 71 501 4
28 72 565 2
28 73 420 3
28 74 272 2
28 75 482 1
28 76 824 3
28 77 362 5
28 78 469 3
28 79 595 5
28 80 932 3
28 81 944 4
28 82 699 4
28 83 472 4
28 84 407 1
28 85 495 1
28 86 854 4
28 87 517 4
28 88 653 4
28 89 650 3
28 90 258 4
28 91 364 3
28 92 313 2
28 93 718 4
28 94 735 4
28 95 604 4
28 96 862 4
28 97 790 2
28 98 1053 4
28 99 108 5
28 100 467 3
29 30 901 3
29 31 573 5
29 32 689 4
29 33 672 4
29 34 609 3
29 35 719 5
29 36 973 3
29 37 751 5
29 38 580 3
29 39 524 4
29 40 306 4
29 41 645 4
29 42 615 4
29 43 334 4
29 44 921 3
29 45 719 4
29 46 665 4
29 47 635 4
29 48 664 2
29 49 1114 2
29 50 440 4
29 51 560 6
29 52 1053 4
29 53 598 4
29 54 847 4
29 55 218 3
29 56 1011 4
29 57 749 5
29 58 699 2
29 59 731 4
29 60 1064 3
29 61 569 4
29 62 626 4
29 63 850 2
29 64 384 1
29 65 538 5
29 66 546 3
29 67 729 4
29 68 993 1
29 69 417 2
29 70 816 3
29 71 729 4
29 72 795 4
29 73 420 3
29 74 342 4
29 75 715 4
29 76 963 5
29 77 559 2
29 78 583 5
29 79 854 5
29 80 1101 3
29 81 1180 4
29 82 915 4
29 83 522 4
29 84 655 4
29 85 742 3
29 86 982 3
29 87 584 4
29 88 891 5
29 89 850 4
29 90 328 3
29 91 452 4
29 92 583 5
29 93 988 4
29 94 742 3
29 95 820 5
29 96 1065 4
29 97 959 4
29 98 1246 4
29 99 403 3
29 100 531 3
30 31 862 4
30 32 757 4
30 33 885 4
30 34 336 1
30 35 453 3
30 36 434 2
30 37 477 3
30 38 538 3
30 39 847 2
30 40 731 4
30 41 667 3
30 42 552 4
30 43 874 3
30 44 412 3
30 45 880 3
30 46 689 5
30 47 364 1
30 48 748 3
30 49 535 2
30 50 811 4
30 51 345 5
30 52 359 3
30 53 692 5
30 54 369 4
30 55 873 2
30 56 531 2
30 57 478 5
30 58 486 3
30 59 518 3
30 60 373 4
30 61 336 4
30 62 671 2
30 63 789 2
30 64 674 2
30 65 505 2
30 66 755 3
30 67 319 5
30 68 380 2
30 69 737 3
30 70 293 4
30 71 674 4
30 72 570 4
30 73 615 4
30 74 859 5
30 75 360 3
30 76 305 4
30 77 757 3
30 78 518 2
30 79 420 2
30 80 407 4
30 81 688 3
30 82 926 5
30 83 705 4
30 84 394 3
30 85 670 4
30 86 332 3
30 87 511 1
30 88 815 3
30 89 921 4
30 90 850 3
30 91 450 4
30 92 461 3
30 93 517 3
30 94 443 3
30 95 889 4
30 96 430 5
30 97 265 5
30 98 571 4
30 99 706 3
30 100 511 4
31 32 499 3
31 33 477 2
31 34 566 4
31 35 813 4
31 36 693 6
31 37 803 2
31 38 533 4
31 39 457 3
31 40 482 4
31 41 670 4
31 42 436 3
31 43 509 4
31 44 911 4
31 45 393 4
31 46 634 4
31 47 501 5
31 48 419 5
31 49 910 4
31 50 577 4
31 51 554 5
31 52 942 5
31 53 432 3
31 54 655 4
31 55 575 4
31 56 971 5
31 57 727 5
31 58 847 4
31 59 853 5
31 60 970 4
31 61 545 3
31 62 785 5
31 63 666 3
31 64 189 5
31 65 367 3
31 66 559 5
31 67 693 3
31 68 850 4
31 69 371 3
31 70 792 3
31 71 534 5
31 72 570 1
31 73 249 4
31 74 479 3
31 75 544 4
31 76 912 3
31 77 470 6
31 78 602 5
31 79 686 4
31 80 984 4
31 81 970 1
31 82 588 4
31 83 667 5
31 84 476 3
31 85 497 2
31 86 939 3
31 87 604 3
31 88 611 5
31 89 630 5
31 90 465 2
31 91 661 4
31 92 404 4
31 93 807 2
31 94 890 4
31 95 507 5
31 96 904 5
31 97 861 5
31 98 1077 5
31 99 477 5
31 100 613 4
32 33 474 3
32 34 591 3
32 35 832 5
32 36 590 5
32 37 855 3
32 38 664 3
32 39 205 4
32 40 383 3
32 41 436 4
32 42 417 4
32 43 393 4
32 44 853 4
32 45 243 5
32 46 752 4
32 47 470 5
32 48 446 4
32 49 577 3
32 50 635 4
32 51 545 5
32 52 796 4
32 53 678 1
32 54 583 5
32 55 498 3
32 56 993 4
32 57 736 3
32 58 953 4
32 59 937 4
32 60 782 3
32 61 554 4
32 62 806 4
32 63 516 2
32 64 473 4
32 65 340 4
32 66 334 2
32 67 698 2
32 68 551 3
32 69 374 4
32 70 734 2
32 71 527 4
32 72 457 3
32 73 458 3
32 74 585 4
32 75 397 3
32 76 783 2
32 77 337 5
32 78 725 5
32 79 707 4
32 80 795 5
32 81 730 2
32 82 438 2
32 83 599 6
32 84 658 4
32 85 469 4
32 86 744 4
32 87 578 4
32 88 461 3
32 89 537 5
32 90 571 1
32 91 536 1
32 92 425 3
32 93 830 5
32 94 950 3
32 95 357 5
32 96 596 4
32 97 833 4
32 98 977 5
32 99 497 4
32 100 711 5
33 34 661 4
33 35 908 4
33 36 800 6
33 37 924 4
33 38 632 5
33 39 269 5
33 40 520 4
33 41 500 6
33 42 535 5
33 43 482 5
33 44 960 4
33 45 281 4
33 46 733 3
33 47 656 5
33 48 285 5
33 49 774 4
33 50 676 4
33 51 630 6
33 52 918 4
33 53 634 3
33 54 592 2
33 55 604 4
33 56 1046 6
33 57 803 5
33 58 988 2
33 59 985 4
33 60 950 5
33 61 621 3
33 62 751 5
33 63 391 3
33 64 288 4
33 65 466 3
33 66 398 4
33 67 781 4
33 68 742 3
33 69 409 4
33 70 866 5
33 71 524 5
33 72 484 3
33 73 348 5
33 74 578 3
33 75 527 4
33 76 913 5
33 77 316 6
33 78 764 6
33 79 744 5
33 80 943 5
33 81 878 1
33 82 490 4
33 83 720 5
33 84 497 4
33 85 307 4
33 86 896 5
33 87 576 3
33 88 499 4
33 89 366 4
33 90 564 2
33 91 572 3
33 92 661 6
33 93 878 4
33 94 999 4
33 95 395 5
33 96 789 6
33 97 837 4
33 98 997 3
33 99 640 5
33 100 712 4
34 35 247 3
34 36 517 3
34 37 270 4
34 38 285 3
34 39 602 3
34 40 498 5
34 41 397 4
34 42 256 4
34 43 596 4
34 44 352 2
34 45 696 3
34 46 409 4
34 47 124 2
34 48 512 2
34 49 671 1
34 50 475 3
34 51 49 5
34 52 501 2
34 53 439 4
34 54 392 4
34 55 550 3
34 56 495 3
34 57 188 4
34 58 389 3
34 59 357 3
34 60 541 3
34 61 40 4
34 62 576 3
34 63 628 1
34 64 389 3
34 65 251 2
34 66 473 2
34 67 200 4
34 68 543 2
34 69 460 3
34 70 287 4
34 71 511 4
34 72 462 4
34 73 351 4
34 74 526 4
34 75 252 3
34 76 400 4
34 77 540 4
34 78 353 3
34 79 443 3
34 80 549 3
34 81 649 3
34 82 814 5
34 83 465 4
34 84 199 3
34 85 573 3
34 86 421 4
34 87 311 2
34 88 739 4
34 89 776 3
34 90 540 2
34 91 157 3
34 92 221 4
34 93 457 4
34 94 365 2
34 95 740 4
34 96 592 4
34 97 433 4
34 98 706 3
34 99 413 3
34 100 405 4
35 36 681 5
35 37 292 4
35 38 313 2
35 39 838 3
35 40 631 5
35 41 638 5
35 42 496 4
35 43 794 5
35 44 364 4
35 45 940 2
35 46 656 4
35 47 365 4
35 48 759 4
35 49 846 3
35 50 627 4
35 51 290 4
35 52 586 3
35 53 467 5
35 54 599 4
35 55 728 3
35 56 429 3
35 57 435 4
35 58 142 5
35 59 110 3
35 60 642 4
35 61 287 3
35 62 329 1
35 63 875 4
35 64 636 5
35 65 495 1
35 66 709 4
35 67 134 5
35 68 686 4
35 69 700 4
35 70 245 3
35 71 749 4
35 72 689 4
35 73 578 5
35 74 671 5
35 75 479 4
35 76 434 5
35 77 779 3
35 78 327 4
35 79 375 4
35 80 671 5
35 81 798 3
35 82 1060 5
35 83 644 3
35 84 446 5
35 85 817 3
35 86 479 4
35 87 506 4
35 88 959 4
35 89 1000 2
35 90 667 4
35 91 398 4
35 92 462 4
35 93 433 4
35 94 118 5
35 95 981 3
35 96 769 5
35 97 529 5
35 98 803 4
35 99 543 3
35 100 379 5
36 37 686 5
36 38 649 5
36 39 616 4
36 40 673 4
36 41 687 5
36 42 693 4
36 43 785 4
36 44 597 4
36 45 605 3
36 46 796 3
36 47 561 3
36 48 623 3
36 49 217 3
36 50 828 5
36 51 486 5
36 52 491 4
36 53 803 4
36 54 506 4
36 55 842 4
36 56 826 4
36 57 458 6
36 58 820 4
36 59 791 5
36 60 432 4
36 61 477 4
36 62 875 4
36 63 629 4
36 64 605 2
36 65 694 4
36 66 573 4
36 67 630 5
36 68 377 4
36 69 635 5
36 70 478 4
36 71 762 5
36 72 846 5
36 73 665 4
36 74 827 5
36 75 636 5
36 76 657 5
36 77 484 3
36 78 764 4
36 79 626 4
36 80 367 3
36 81 370 5
36 82 814 3
36 83 889 4
36 84 318 5
36 85 701 5
36 86 601 5
36 87 675 3
36 88 716 5
36 89 487 3
36 90 813 5
36 91 521 5
36 92 658 5
36 93 697 5
36 94 799 4
36 95 491 2
36 96 616 5
36 97 509 4
36 98 397 3
36 99 663 4
36 100 712 6
37 38 346 2
37 39 866 3
37 40 662 5
37 41 661 5
37 42 520 4
37 43 830 4
37 44 450 5
37 45 965 4
37 46 679 4
37 47 385 4
37 48 782 5
37 49 847 5
37 50 625 5
37 51 313 7
37 52 577 3
37 53 474 4
37 54 662 5
37 55 763 5
37 56 411 3
37 57 309 4
37 58 434 5
37 59 402 5
37 60 636 4
37 61 310 5
37 62 549 3
37 63 885 4
37 64 659 5
37 65 521 3
37 66 737 5
37 67 158 5
37 68 763 4
37 69 724 4
37 70 331 3
37 71 772 4
37 72 703 3
37 73 602 5
37 74 704 5
37 75 496 5
37 76 492 3
37 77 805 5
37 78 223 4
37 79 667 5
37 80 701 6
37 81 780 3
37 82 1084 5
37 83 715 5
37 84 469 5
37 85 843 4
37 86 542 4
37 87 493 2
37 88 1009 6
37 89 1031 6
37 90 705 4
37 91 421 4
37 92 452 2
37 93 555 4
37 94 410 5
37 95 1003 4
37 96 749 3
37 97 580 5
37 98 796 4
37 99 579 5
37 100 275 4
38 39 574 3
38 40 529 3
38 41 501 5
38 42 443 4
38 43 485 5
38 44 597 3
38 45 714 3
38 46 403 4
38 47 311 4
38 48 670 5
38 49 853 3
38 50 456 4
38 51 236 6
38 52 710 1
38 53 154 4
38 54 601 4
38 55 417 5
38 56 687 3
38 57 425 4
38 58 374 3
38 59 380 5
38 60 732 4
38 61 245 3
38 62 642 3
38 63 760 3
38 64 344 4
38 65 462 3
38 66 520 3
38 67 405 4
38 68 730 2
38 69 418 2
38 70 492 4
38 71 689 4
38 72 667 4
38 73 404 3
38 74 358 3
38 75 457 5
38 76 639 5
38 77 569 3
38 78 405 5
38 79 674 5
38 80 767 4
38 81 855 5
38 82 923 5
38 83 534 4
38 84 331 5
38 85 702 3
38 86 630 2
38 87 282 3
38 88 817 5
38 89 814 4
38 90 372 4
38 91 128 2
38 92 408 4
38 93 584 3
38 94 417 4
38 95 828 4
38 96 785 4
38 97 625 5
38 98 912 2
38 99 234 5
38 100 457 3
39 40 254 2
39 41 231 4
39 42 445 5
39 43 213 4
39 44 916 4
39 45 222 4
39 46 667 4
39 47 515 3
39 48 271 4
39 49 779 3
39 50 492 4
39 51 563 5
39 52 894 3
39 53 621 4
39 54 721 3
39 55 335 4
39 56 990 2
39 57 698 4
39 58 937 4
39 59 948 3
39 60 915 3
39 61 572 4
39 62 786 2
39 63 396 3
39 64 268 4
39 65 403 4
39 66 129 4
39 67 710 3
39 68 747 3
39 69 211 3
39 70 800 4
39 71 322 2
39 72 501 4
39 73 328 4
39 74 422 3
39 75 598 4
39 76 885 4
39 77 132 4
39 78 716 2
39 79 688 3
39 80 917 3
39 81 869 4
39 82 431 5
39 83 470 2
39 84 453 5
39 85 332 4
39 86 862 2
39 87 373 3
39 88 440 4
39 89 332 3
39 90 436 4
39 91 521 5
39 92 499 3
39 93 819 1
39 94 945 3
39 95 296 5
39 96 794 3
39 97 822 4
39 98 989 4
39 99 426 5
39 100 691 2
40 41 434 3
40 42 324 4
40 43 322 4
40 44 797 4
40 45 456 4
40 46 511 4
40 47 547 5
40 48 401 3
40 49 825 4
40 50 252 2
40 51 473 5
40 52 835 3
40 53 540 2
40 54 621 4
40 55 306 4
40 56 813 4
40 57 573 3
40 58 709 4
40 59 712 3
40 60 854 2
40 61 464 3
40 62 550 4
40 63 544 4
40 64 293 4
40 65 247 4
40 66 320 3
40 67 518 1
40 68 738 3
40 69 111 3
40 70 678 5
40 71 424 1
40 72 565 3
40 73 233 2
40 74 209 1
40 75 528 4
40 76 787 4
40 77 262 4
40 78 464 4
40 79 721 5
40 80 877 4
40 81 889 3
40 82 651 3
40 83 216 4
40 84 355 3
40 85 445 4
40 86 781 1
40 87 344 5
40 88 628 4
40 89 553 5
40 90 196 4
40 91 498 4
40 92 450 4
40 93 802 2
40 94 749 4
40 95 550 4
40 96 830 4
40 97 741 3
40 98 1006 3
40 99 345 4
40 100 516 2
41 42 234 1
41 43 342 4
41 44 717 2
41 45 453 5
41 46 450 3
41 47 303 2
41 48 272 2
41 49 763 4
41 50 334 4
41 51 348 4
41 52 766 5
41 53 462 3
41 54 713 4
41 55 427 5
41 56 760 2
41 57 539 4
41 58 761 5
41 59 748 2
41 60 771 1
41 61 357 4
41 62 632 4
41 63 515 4
41 64 481 4
41 65 311 4
41 66 114 4
41 67 517 4
41 68 635 4
41 69 323 3
41 70 604 4
41 71 383 2
41 72 475 3
41 73 424 4
41 74 303 3
41 75 449 4
41 76 712 6
41 77 203 6
41 78 601 3
41 79 642 4
41 80 787 3
41 81 787 5
41 82 553 4
41 83 503 5
41 84 516 5
41 85 350 3
41 86 739 4
41 87 358 4
41 88 494 4
41 89 494 4
41 90 317 5
41 91 456 5
41 92 360 5
41 93 616 5
41 94 756 5
41 95 527 5
41 96 811 4
41 97 672 2
41 98 920 4
41 99 267 3
41 100 626 4
42 43 455 5
42 44 582 3
42 45 522 4
42 46 499 2
42 47 223 3
42 48 461 3
42 49 529 4
42 50 568 5
42 51 207 5
42 52 665 4
42 53 474 3
42 54 547 3
42 55 538 5
42 56 657 3
42 57 398 5
42 58 615 4
42 59 606 3
42 60 618 2
42 61 216 3
42 62 507 5
42 63 389 3
42 64 247 3
42 65 77 3
42 66 348 5
42 67 362 4
42 68 414 3
42 69 317 2
42 70 463 4
42 71 256 3
42 72 241 2
42 73 195 3
42 74 517 4
42 75 369 5
42 76 612 5
42 77 416 6
42 78 464 4
42 79 408 5
42 80 553 4
42 81 682 4
42 82 656 4
42 83 389 4
42 84 375 4
42 85 399 3
42 86 613 4
42 87 469 5
42 88 687 5
42 89 707 5
42 90 503 4
42 91 315 5
42 92 126 4
42 93 531 5
42 94 614 4
42 95 570 5
42 96 777 4
42 97 571 3
42 98 735 3
42 99 353 4
42 100 412 3
43 44 922 4
43 45 385 3
43 46 536 4
43 47 510 3
43 48 394 2
43 49 929 3
43 50 513 3
43 51 547 5
43 52 949 4
43 53 446 4
43 54 687 5
43 55 335 5
43 56 919 2
43 57 738 4
43 58 854 5
43 59 860 4
43 60 983 3
43 61 556 4
43 62 705 4
43 63 606 5
43 64 320 4
43 65 378 4
43 66 228 4
43 67 697 3
43 68 858 4
43 69 211 3
43 70 803 5
43 71 483 4
43 72 582 3
43 73 260 2
43 74 415 4
43 75 550 1
43 76 936 3
43 77 313 6
43 78 609 3
43 79 621 5
43 80 1008 5
43 81 1020 4
43 82 594 4
43 83 341 5
43 84 547 3
43 85 472 3
43 86 923 5
43 87 363 2
43 88 603 4
43 89 545 5
43 90 401 5
43 91 468 5
43 92 499 4
43 93 863 4
43 94 875 4
43 95 495 2
43 96 894 3
43 97 872 4
43 98 1112 5
43 99 251 3
43 100 610 4
44 45 966 4
44 46 735 3
44 47 450 4
44 48 839 4
44 49 656 3
44 50 827 4
44 51 375 5
44 52 370 4
44 53 751 4
44 54 534 2
44 55 902 5
44 56 688 4
44 57 393 3
44 58 387 3
44 59 419 4
44 60 389 3
44 61 366 3
44 62 693 5
44 63 851 3
44 64 726 4
44 65 571 4
44 66 790 4
44 67 489 3
44 68 574 2
44 69 791 1
44 70 119 2
44 71 740 4
44 72 617 3
44 73 669 2
44 74 878 3
44 75 458 4
44 76 464 4
44 77 847 5
44 78 632 5
44 79 393 3
44 80 363 1
44 81 669 5
44 82 1085 4
44 83 679 3
44 84 463 4
44 85 794 2
44 86 355 4
44 87 560 4
44 88 980 2
44 89 999 2
44 90 871 4
44 91 469 5
44 92 510 5
44 93 105 5
44 94 420 4
44 95 1000 3
44 96 549 2
44 97 276 2
44 98 545 3
44 99 725 5
44 100 679 2
45 46 824 4
45 47 583 4
45 48 227 4
45 49 685 4
45 50 689 5
45 51 658 5
45 52 869 4
45 53 741 5
45 54 628 3
45 55 507 3
45 56 1102 4
45 57 844 4
45 58 1066 4
45 59 1042 3
45 60 918 4
45 61 662 3
45 62 887 3
45 63 273 4
45 64 379 5
45 65 445 1
45 66 341 5
45 67 807 4
45 68 693 3
45 69 345 4
45 70 855 5
45 71 406 4
45 72 427 4
45 73 439 5
45 74 618 5
45 75 520 4
45 76 906 5
45 77 252 4
45 78 823 4
45 79 806 2
45 80 909 5
45 81 810 3
45 82 209 5
45 83 634 5
45 84 578 4
45 85 250 3
45 86 893 3
45 87 480 4
45 88 218 3
45 89 317 4
45 90 617 4
45 91 634 5
45 92 572 4
45 93 879 4
45 94 1054 3
45 95 114 1
45 96 723 5
45 97 805 5
45 98 945 4
45 99 550 3
45 100 792 5
46 47 453 5
46 48 703 3
46 49 1002 3
46 50 259 3
46 51 378 5
46 52 850 4
46 53 557 3
46 54 713 1
46 55 447 4
46 56 446 5
46 57 551 5
46 58 773 4
46 59 766 3
46 60 864 2
46 61 369 1
46 62 557 5
46 63 875 3
46 64 445 3
46 65 555 3
46 66 564 4
46 67 529 3
46 68 872 3
46 69 513 2
46 70 616 5
46 71 742 3
46 72 740 3
46 73 437 3
46 74 357 4
46 75 556 3
46 76 765 4
46 77 653 6
46 78 682 4
46 79 748 4
46 80 898 4
46 81 1006 4
46 82 998 4
46 83 557 4
46 84 478 3
46 85 764 3
46 86 763 5
46 87 429 6
46 88 925 3
46 89 944 3
46 90 371 4
46 91 275 4
46 92 550 4
46 93 840 5
46 94 772 4
46 95 938 4
46 96 932 4
46 97 756 3
46 98 1062 3
46 99 502 4
46 100 734 3
47 48 544 4
47 49 722 3
47 50 479 4
47 51 75 6
47 52 545 4
47 53 465 5
47 54 440 5
47 55 618 3
47 56 526 3
47 57 266 6
47 58 483 4
47 59 475 4
47 60 579 3
47 61 84 4
47 62 478 3
47 63 520 3
47 64 455 3
47 65 300 3
47 66 417 4
47 67 244 6
47 68 569 3
47 69 517 4
47 70 331 5
47 71 387 4
47 72 356 5
47 73 395 5
47 74 514 5
47 75 146 2
47 76 480 4
47 77 441 4
47 78 298 1
47 79 379 3
47 80 616 5
47 81 703 4
47 82 792 6
47 83 341 3
47 84 243 4
47 85 533 4
47 86 444 4
47 87 337 2
47 88 763 4
47 89 697 4
47 90 528 4
47 91 183 5
47 92 97 4
47 93 502 4
47 94 481 4
47 95 697 5
47 96 624 6
47 97 474 4
47 98 670 4
47 99 439 4
47 100 350 4
48 49 571 3
48 50 606 5
48 51 482 4
48 52 756 4
48 53 632 3
48 54 579 3
48 55 497 4
48 56 919 4
48 57 655 4
48 58 877 4
48 59 869 2
48 60 709 1
48 61 473 2
48 62 812 5
48 63 449 3
48 64 326 3
48 65 384 3
48 66 228 4
48 67 633 4
48 68 609 3
48 69 290 3
48 70 720 5
48 71 497 2
48 72 255 4
48 73 266 4
48 74 568 4
48 75 465 3
48 76 851 5
48 77 139 4
48 78 660 5
48 79 728 4
48 80 746 3
48 81 724 5
48 82 422 4
48 83 601 5
48 84 523 4
48 85 78 3
48 86 719 4
48 87 457 4
48 88 227 5
48 89 430 5
48 90 554 4
48 91 590 4
48 92 447 5
48 93 852 5
48 94 876 4
48 95 341 4
48 96 539 5
48 97 662 2
48 98 785 4
48 99 461 1
48 100 663 4
49 50 1029 2
49 51 647 6
49 52 528 3
49 53 1001 4
49 54 289 4
49 55 1000 4
49 56 997 4
49 57 538 5
49 58 971 2
49 59 946 2
49 60 469 3
49 61 638 3
49 62 994 2
49 63 412 2
49 64 754 3
49 65 604 3
49 66 701 1
49 67 739 3
49 68 160 1
49 69 754 2
49 70 615 3
49 71 545 3
49 72 670 3
49 73 694 3
49 74 1034 3
49 75 850 2
49 76 490 4
49 77 701 4
49 78 917 4
49 79 843 4
49 80 404 3
49 81 153 4
49 82 602 5
49 83 918 3
49 84 535 2
49 85 493 2
49 86 454 3
49 87 795 3
49 88 499 3
49 89 593 2
49 90 1021 3
49 91 738 2
49 92 655 3
49 93 705 4
49 94 949 3
49 95 708 4
49 96 501 4
49 97 546 3
49 98 554 4
49 99 880 4
49 100 876 3
50 51 524 6
50 52 972 4
50 53 457 4
50 54 822 4
50 55 222 6
50 56 705 5
50 57 660 5
50 58 682 4
50 59 650 4
50 60 986 4
50 61 515 4
50 62 298 3
50 63 796 4
50 64 388 5
50 65 499 4
50 66 427 2
50 67 523 3
50 68 969 3
50 69 363 3
50 70 762 5
50 71 676 3
50 72 766 3
50 73 448 4
50 74 98 1
50 75 596 2
50 76 873 4
50 77 514 5
50 78 580 4
50 79 610 5
50 80 1006 4
50 81 1061 3
50 82 884 5
50 83 298 5
50 84 607 2
50 85 684 2
50 86 893 3
50 87 375 5
50 88 828 5
50 89 805 4
50 90 112 4
50 91 514 3
50 92 514 3
50 93 846 4
50 94 657 5
50 95 788 5
50 96 1063 5
50 97 878 3
50 98 1149 5
50 99 262 6
50 100 528 2
51 52 493 5
51 53 390 4
51 54 365 4
51 55 543 5
51 56 451 5
51 57 191 7
51 58 413 7
51 59 400 5
51 60 510 4
51 61 9 4
51 62 553 5
51 63 595 6
51 64 380 6
51 65 226 5
51 66 434 6
51 67 169 4
51 68 494 6
51 69 442 6
51 70 256 6
51 71 462 5
51 72 431 4
51 73 320 5
51 74 514 6
51 75 221 4
51 76 405 5
51 77 496 7
51 78 322 6
51 79 454 7
51 80 541 4
51 81 628 6
51 82 805 3
51 83 416 5
51 84 168 4
51 85 548 5
51 86 424 6
51 87 262 5
51 88 709 6
51 89 772 6
51 90 505 5
51 91 108 5
51 92 172 6
51 93 480 6
51 94 408 6
51 95 691 6
51 96 572 6
51 97 399 3
51 98 705 6
51 99 364 3
51 100 374 5
52 53 862 5
52 54 358 4
52 55 980 5
52 56 751 4
52 57 343 4
52 58 701 4
52 59 681 4
52 60 59 4
52 61 485 3
52 62 832 4
52 63 630 2
52 64 754 5
52 65 588 4
52 66 765 2
52 67 520 4
52 68 368 3
52 69 795 3
52 70 344 5
52 71 700 3
52 72 589 4
52 73 694 4
52 74 996 4
52 75 399 5
52 76 376 5
52 77 775 4
52 78 690 5
52 79 629 5
52 80 124 4
52 81 652 4
52 82 865 6
52 83 866 5
52 84 603 4
52 85 678 4
52 86 110 2
52 87 614 2
52 88 737 4
52 89 934 5
52 90 982 3
52 91 601 3
52 92 642 5
52 93 358 3
52 94 673 3
52 95 878 5
52 96 373 5
52 97 94 5
52 98 219 1
52 99 832 5
52 100 702 4
53 54 755 4
53 55 380 3
53 56 539 4
53 57 579 4
53 58 496 5
53 59 482 3
53 60 877 2
53 61 399 3
53 62 632 5
53 63 841 3
53 64 363 3
53 65 397 4
53 66 576 3
53 67 386 1
53 68 884 4
53 69 429 3
53 70 646 3
53 71 708 3
53 72 715 2
53 73 366 2
53 74 359 3
53 75 535 4
53 76 773 3
53 77 577 6
53 78 251 4
53 79 727 3
53 80 910 4
53 81 990 3
53 82 924 1
53 83 559 5
53 84 485 3
53 85 710 3
53 86 784 3
53 87 436 5
53 88 858 2
53 89 857 4
53 90 345 2
53 91 282 2
53 92 562 4
53 93 738 4
53 94 539 4
53 95 826 5
53 96 939 5
53 97 768 3
53 98 1066 4
53 99 195 4
53 100 303 4
54 55 711 4
54 56 744 5
54 57 391 5
54 58 734 4
54 59 702 4
54 60 377 3
54 61 356 1
54 62 793 5
54 63 420 4
54 64 487 4
54 65 470 3
54 66 719 5
54 67 516 3
54 68 449 3
54 69 510 2
54 70 415 4
54 71 553 4
54 72 678 3
54 73 427 3
54 74 777 4
54 75 568 4
54 76 546 4
54 77 648 6
54 78 669 5
54 79 590 3
54 80 352 3
54 81 442 3
54 82 562 4
54 83 781 3
54 84 515 3
54 85 501 3
54 86 414 5
54 87 627 5
54 88 446 2
54 89 847 2
54 90 763 4
54 91 473 4
54 92 537 5
54 93 630 4
54 94 717 4
54 95 520 3
54 96 440 4
54 97 264 2
54 98 486 3
54 99 700 4
54 100 721 3
55 56 893 4
55 57 719 6
55 58 791 5
55 59 797 3
55 60 999 4
55 61 537 3
55 62 520 4
55 63 670 3
55 64 386 4
55 65 461 2
55 66 333 5
55 67 630 4
55 68 952 4
55 69 316 5
55 70 784 5
55 71 588 5
55 72 704 3
55 73 438 5
55 74 124 5
55 75 645 5
55 76 933 4
55 77 358 5
55 78 595 4
55 79 636 4
55 80 1022 5
55 81 1052 3
55 82 702 4
55 83 324 6
55 84 638 5
55 85 575 4
55 86 926 5
55 87 366 3
55 88 675 3
55 89 649 5
55 90 110 2
55 91 435 4
55 92 541 5
55 93 895 5
55 94 815 4
55 95 621 4
55 96 1031 7
55 97 886 5
55 98 1192 5
55 99 185 3
55 100 543 5
56 57 582 5
56 58 571 4
56 59 539 4
56 60 704 3
56 61 455 4
56 62 758 2
56 63 1043 4
56 64 799 4
56 65 670 4
56 66 866 5
56 67 295 3
56 68 874 3
56 69 855 4
56 70 569 4
56 71 913 4
56 72 848 5
56 73 739 4
56 74 803 5
56 75 638 3
56 76 531 4
56 77 940 4
56 78 494 4
56 79 302 4
56 80 769 5
56 81 903 5
56 82 1220 5
56 83 847 4
56 84 614 5
56 85 992 5
56 86 641 3
56 87 622 3
56 88 1146 5
56 89 1168 5
56 90 817 5
56 91 559 5
56 92 584 3
56 93 793 3
56 94 547 5
56 95 1141 4
56 96 891 5
56 97 689 4
56 98 937 4
56 99 734 5
56 100 546 4
57 58 433 3
57 59 465 4
57 60 402 3
57 61 182 5
57 62 508 3
57 63 770 3
57 64 553 4
57 65 399 5
57 66 625 4
57 67 342 4
57 68 527 4
57 69 615 3
57 70 274 3
57 71 653 2
57 72 604 4
57 73 493 4
57 74 703 4
57 75 394 5
57 76 214 3
57 77 687 5
57 78 437 6
57 79 578 6
57 80 438 4
57 81 582 5
57 82 953 5
57 83 607 5
57 84 341 5
57 85 721 4
57 86 233 2
57 87 451 6
57 88 837 5
57 89 945 5
57 90 695 4
57 91 297 4
57 92 363 4
57 93 471 3
57 94 413 4
57 95 759 5
57 96 446 1
57 97 296 4
57 98 562 4
57 99 545 5
57 100 385 4
58 59 32 4
58 60 679 4
58 61 404 5
58 62 384 4
58 63 991 2
58 64 703 2
58 65 621 5
58 66 808 3
58 67 276 4
58 68 811 1
58 69 779 2
58 70 369 3
58 71 870 5
58 72 826 4
58 73 676 3
58 74 722 4
58 75 616 4
58 76 545 5
58 77 895 4
58 78 245 5
58 79 300 5
58 80 744 3
58 81 913 3
58 82 1178 5
58 83 566 4
58 84 563 4
58 85 943 3
58 86 593 3
58 87 588 4
58 88 1101 5
58 89 1116 4
58 90 736 3
58 91 502 4
58 92 547 5
58 93 358 4
58 94 43 3
58 95 1104 5
58 96 875 4
58 97 655 4
58 98 920 4
58 99 608 5
58 100 292 3
59 60 647 1
59 61 397 4
59 62 352 4
59 63 985 4
59 64 702 5
59 65 597 2
59 66 819 3
59 67 244 4
59 68 786 3
59 69 798 3
59 70 337 5
59 71 859 2
59 72 799 4
59 73 682 4
59 74 733 4
59 75 589 4
59 76 544 5
59 77 889 6
59 78 251 5
59 79 332 4
59 80 712 3
59 81 893 4
59 82 1170 4
59 83 534 5
59 84 556 4
59 85 919 3
59 86 573 4
59 87 589 4
59 88 1069 5
59 89 1110 4
59 90 747 5
59 91 508 4
59 92 515 5
59 93 390 4
59 94 75 5
59 95 1086 4
59 96 879 5
59 97 623 2
59 98 894 4
59 99 614 3
59 100 303 4
60 61 501 3
60 62 846 5
60 63 689 3
60 64 785 4
60 65 607 3
60 66 806 3
60 67 514 3
60 68 309 3
60 69 831 2
60 70 399 5
60 71 641 1
60 72 556 3
60 73 725 3
60 74 1009 3
60 75 433 4
60 76 390 5
60 77 834 5
60 78 669 4
60 79 613 3
60 80 65 2
60 81 622 5
60 82 924 3
60 83 855 4
60 84 660 4
60 85 682 2
60 86 169 3
60 87 633 5
60 88 796 4
60 89 875 4
60 90 998 4
60 91 612 4
60 92 592 4
60 93 417 4
60 94 684 4
60 95 897 5
60 96 314 4
60 97 113 1
60 98 247 3
60 99 850 2
60 100 700 3
61 62 562 4
61 63 588 4
61 64 371 4
61 65 217 2
61 66 443 4
61 67 160 2
61 68 503 4
61 69 433 3
61 70 247 4
61 71 471 4
61 72 422 2
61 73 311 3
61 74 523 4
61 75 212 4
61 76 396 3
61 77 505 6
61 78 313 5
61 79 463 4
61 80 535 4
61 81 637 4
61 82 796 3
61 83 425 4
61 84 159 2
61 85 539 3
61 86 415 4
61 87 271 5
61 88 700 3
61 89 781 3
61 90 514 5
61 91 117 3
61 92 181 4
61 93 471 5
61 94 403 4
61 95 700 4
61 96 563 5
61 97 393 3
61 98 699 2
61 99 373 3
61 100 365 4
62 63 896 4
62 64 686 4
62 65 584 2
62 66 657 3
62 67 463 5
62 68 898 3
62 69 646 4
62 70 574 4
62 71 763 4
62 72 748 5
62 73 702 5
62 74 396 4
62 75 624 4
62 76 722 4
62 77 673 2
62 78 381 4
62 79 663 4
62 80 880 5
62 81 1090 4
62 82 1015 6
62 83 596 4
62 84 721 4
62 85 784 4
62 86 740 3
62 87 413 3
62 88 954 5
62 89 964 3
62 90 410 5
62 91 567 4
62 92 381 3
62 93 742 3
62 94 427 5
62 95 1001 4
62 96 954 4
62 97 738 5
62 98 1044 4
62 99 454 4
62 100 329 4
63 64 478 3
63 65 466 3
63 66 401 3
63 67 748 4
63 68 422 1
63 69 454 2
63 70 754 3
63 71 133 3
63 72 548 4
63 73 533 3
63 74 752 4
63 75 666 4
63 76 765 3
63 77 312 3
63 78 818 4
63 79 769 4
63 80 661 3
63 81 537 2
63 82 482 4
63 83 760 4
63 84 429 2
63 85 371 3
63 86 716 3
63 87 621 3
63 88 378 5
63 89 427 4
63 90 739 1
63 91 632 3
63 92 515 4
63 93 746 4
63 94 986 1
63 95 387 3
63 96 450 4
63 97 599 4
63 98 800 3
63 99 685 4
63 100 801 3
64 65 178 4
64 66 370 4
64 67 504 3
64 68 661 2
64 69 182 3
64 70 610 4
64 71 345 3
64 72 488 5
64 73 60 2
64 74 290 5
64 75 355 5
64 76 741 5
64 77 281 3
64 78 476 4
64 79 655 4
64 80 800 4
64 81 820 4
64 82 588 3
64 83 490 5
64 84 287 5
64 85 358 4
64 86 786 4
64 87 415 3
64 88 552 4
64 89 572 5
64 90 276 3
64 91 472 5
64 92 373 5
64 93 624 5
64 94 746 4
64 95 493 4
64 96 715 3
64 97 672 5
64 98 901 5
64 99 416 4
64 100 424 4
65 66 425 4
65 67 375 4
65 68 491 4
65 69 240 3
65 70 452 4
65 71 333 3
65 72 318 3
65 73 118 4
65 74 440 4
65 75 413 4
65 76 612 4
65 77 339 4
65 78 528 3
65 79 485 3
65 80 630 5
65 81 642 2
65 82 579 4
65 83 463 4
65 84 376 4
65 85 322 2
65 86 632 4
65 87 473 3
65 88 610 4
65 89 630 3
65 90 426 3
65 91 334 4
65 92 203 3
65 93 608 5
65 94 613 4
65 95 493 2
65 96 700 5
65 97 494 4
65 98 800 3
65 99 276 2
65 100 489 4
66 67 581 4
66 68 630 2
66 69 209 3
66 70 671 4
66 71 269 2
66 72 483 4
66 73 310 4
66 74 378 3
66 75 506 3
66 76 756 4
66 77 89 3
66 78 587 5
66 79 578 5
66 80 835 4
66 81 816 4
66 82 536 4
66 83 496 4
66 84 473 3
66 85 306 3
66 86 804 4
66 87 244 4
66 88 455 4
66 89 380 3
66 90 364 3
66 91 392 1
66 92 474 4
66 93 691 3
66 94 821 4
66 95 425 5
66 96 762 5
66 97 693 4
66 98 890 3
66 99 381 4
66 100 562 4
67 68 605 3
67 69 566 2
67 70 370 4
67 71 618 2
67 72 582 2
67 73 444 1
67 74 610 2
67 75 372 4
67 76 556 3
67 77 648 5
67 78 199 5
67 79 509 4
67 80 567 4
67 81 797 4
67 82 932 2
67 83 585 4
67 84 319 2
67 85 697 3
67 86 425 2
67 87 431 5
67 88 860 3
67 89 873 5
67 90 596 3
67 91 277 3
67 92 341 4
67 93 567 3
67 94 252 5
67 95 855 5
67 96 723 4
67 97 479 4
67 98 736 4
67 99 446 5
67 100 251 3
68 69 674 1
68 70 455 2
68 71 555 4
68 72 655 3
68 73 609 2
68 74 918 3
68 75 715 3
68 76 343 4
68 77 619 3
68 78 757 4
68 79 799 4
68 80 244 2
68 81 313 3
68 82 646 4
68 83 780 3
68 84 662 3
68 85 531 2
68 86 294 2
68 87 756 3
68 88 527 4
68 89 753 3
68 90 917 2
68 91 602 3
68 92 517 4
68 93 545 3
68 94 804 2
68 95 807 4
68 96 493 3
68 97 386 3
68 98 426 3
68 99 767 4
68 100 728 2
69 70 672 3
69 71 464 3
69 72 511 2
69 73 122 1
69 74 312 2
69 75 417 3
69 76 803 5
69 77 151 4
69 78 551 4
69 79 725 4
69 80 860 2
69 81 882 4
69 82 540 3
69 83 319 2
69 84 466 3
69 85 334 1
69 86 767 3
69 87 233 4
69 88 517 3
69 89 442 3
69 90 298 3
69 91 387 4
69 92 443 4
69 93 691 4
69 94 810 3
69 95 459 4
69 96 737 2
69 97 718 3
69 98 931 2
69 99 234 4
69 100 499 1
70 71 621 5
70 72 525 2
70 73 550 4
70 74 768 5
70 75 339 4
70 76 345 2
70 77 752 5
70 78 522 5
70 79 415 5
70 80 428 3
70 81 556 4
70 82 966 4
70 83 568 4
70 84 406 4
70 85 702 3
70 86 236 4
70 87 441 5
70 88 861 4
70 89 880 4
70 90 759 3
70 91 364 3
70 92 428 3
70 93 224 5
70 94 363 4
70 95 888 5
70 96 668 4
70 97 286 4
70 98 563 5
70 99 609 6
70 100 565 4
71 72 497 4
71 73 405 3
71 74 633 2
71 75 533 5
71 76 634 5
71 77 358 5
71 78 685 4
71 79 664 4
71 80 629 3
71 81 547 4
71 82 615 4
71 83 640 4
71 84 562 4
71 85 484 3
71 86 808 2
71 87 513 5
71 88 511 5
71 89 560 5
71 90 620 4
71 91 570 3
71 92 382 4
71 93 647 3
71 94 867 4
71 95 520 5
71 96 583 3
71 97 732 2
71 98 667 2
71 99 609 3
71 100 668 3
72 73 436 3
72 74 707 4
72 75 210 3
72 76 596 3
72 77 394 5
72 78 651 5
72 79 607 3
72 80 491 4
72 81 823 2
72 82 622 3
72 83 630 4
72 84 581 2
72 85 177 1
72 86 479 2
72 87 693 4
72 88 482 4
72 89 685 5
72 90 720 3
72 91 539 3
72 92 367 4
72 93 722 3
72 94 807 5
72 95 541 5
72 96 722 4
72 97 629 4
72 98 530 4
72 99 570 5
72 100 639 3
73 74 350 3
73 75 295 3
73 76 681 4
73 77 221 5
73 78 431 5
73 79 603 3
73 80 748 3
73 81 760 5
73 82 561 2
73 83 441 3
73 84 347 3
73 85 344 2
73 86 726 3
73 87 355 4
73 88 492 2
73 89 512 4
73 90 336 4
73 91 428 4
73 92 321 5
73 93 684 4
73 94 696 4
73 95 553 4
73 96 775 3
73 97 612 4
73 98 874 3
73 99 356 5
73 100 397 2
74 75 623 3
74 76 917 5
74 77 458 5
74 78 482 4
74 79 512 4
74 80 1039 4
74 81 1069 2
74 82 811 4
74 83 200 4
74 84 564 3
74 85 646 3
74 86 928 2
74 87 452 4
74 88 774 5
74 89 746 5
74 90 14 3
74 91 416 4
74 92 417 4
74 93 822 3
74 94 755 4
74 95 712 5
74 96 990 4
74 97 902 4
74 98 1163 4
74 99 164 5
74 100 430 1
75 76 386 2
75 77 516 6
75 78 441 2
75 79 476 4
75 80 498 4
75 81 849 5
75 82 729 5
75 83 487 4
75 84 371 2
75 85 387 2
75 86 509 4
75 87 483 3
75 88 692 5
75 89 807 4
75 90 609 4
75 91 329 4
75 92 243 3
75 93 563 5
75 94 597 5
75 95 634 3
75 96 747 4
75 97 493 3
75 98 618 5
75 99 460 4
75 100 480 3
76 77 845 6
76 78 547 4
76 79 575 6
76 80 424 5
76 81 643 4
76 82 926 4
76 83 761 6
76 84 555 3
76 85 773 4
76 86 349 5
76 87 619 5
76 88 810 5
76 89 885 6
76 90 909 3
76 91 511 3
76 92 511 3
76 93 569 5
76 94 552 4
76 95 973 5
76 96 660 4
76 97 282 4
76 98 588 5
76 99 759 5
76 100 599 5
77 78 650 5
77 79 643 5
77 80 818 5
77 81 849 5
77 82 447 6
77 83 462 6
77 84 384 5
77 85 217 5
77 86 858 3
77 87 318 4
77 88 366 6
77 89 291 5
77 90 447 4
77 91 472 4
77 92 538 5
77 93 780 4
77 94 895 4
77 95 366 5
77 96 673 6
77 97 782 6
77 98 881 5
77 99 382 5
77 100 618 5
78 79 545 3
78 80 722 5
78 81 906 5
78 82 992 5
78 83 595 2
78 84 472 4
78 85 738 4
78 86 580 4
78 87 343 3
78 88 887 4
78 89 903 3
78 90 496 5
78 91 430 6
78 92 338 4
78 93 603 3
78 94 288 5
78 95 937 5
78 96 857 5
78 97 634 5
78 98 889 4
78 99 411 5
78 100 52 3
79 80 677 4
79 81 788 5
79 82 944 4
79 83 545 3
79 84 622 5
79 85 719 4
79 86 602 4
79 87 634 3
79 88 851 1
79 89 881 3
79 90 526 5
79 91 562 5
79 92 282 4
79 93 498 4
79 94 257 5
79 95 908 3
79 96 735 5
79 97 535 4
79 98 841 6
79 99 532 5
79 100 552 3
80 81 557 5
80 82 890 5
80 83 908 4
80 84 685 4
80 85 668 3
80 86 234 4
80 87 656 5
80 88 771 3
80 89 853 3
80 90 1025 4
80 91 649 5
80 92 657 5
80 93 396 4
80 94 705 4
80 95 858 4
80 96 249 3
80 97 142 1
80 98 182 4
80 99 877 4
80 100 748 3
81 82 755 4
81 83 938 6
81 84 688 4
81 85 646 3
81 86 607 4
81 87 686 2
81 88 652 5
81 89 727 5
81 90 1057 1
81 91 736 3
81 92 800 5
81 93 564 3
81 94 879 3
81 95 861 4
81 96 654 6
81 97 699 5
81 98 707 4
81 99 918 4
81 100 858 3
82 83 843 5
82 84 773 3
82 85 445 4
82 86 892 4
82 87 689 6
82 88 427 3
82 89 526 5
82 90 798 3
82 91 843 3
82 92 767 5
82 93 1074 5
82 94 1178 5
82 95 323 5
82 96 660 5
82 97 826 4
82 98 1031 5
82 99 759 4
82 100 958 4
83 84 571 5
83 85 653 3
83 86 785 4
83 87 252 5
83 88 828 3
83 89 749 1
83 90 214 5
83 91 406 5
83 92 263 5
83 93 668 3
83 94 609 5
83 95 719 4
83 96 907 4
83 97 772 5
83 98 1009 4
83 99 364 6
83 100 549 3
84 85 584 2
84 86 574 4
84 87 357 4
84 88 750 5
84 89 675 4
84 90 551 3
84 91 203 3
84 92 340 3
84 93 568 5
84 94 562 3
84 95 692 5
84 96 475 5
84 97 552 3
84 98 653 4
84 99 459 5
84 100 524 4
85 86 656 3
85 87 518 5
85 88 305 4
85 89 508 4
85 90 632 4
85 91 656 4
85 92 525 3
85 93 837 4
85 94 935 4
85 95 364 4
85 96 545 3
85 97 584 3
85 98 707 3
85 99 539 4
85 100 688 2
86 87 560 4
86 88 776 3
86 89 1010 4
86 90 919 4
86 91 530 4
86 92 541 3
86 93 251 1
86 94 566 4
86 95 851 4
86 96 483 3
86 97 150 4
86 98 329 3
86 99 769 5
86 100 612 3
87 88 684 4
87 89 560 5
87 90 466 3
87 91 154 5
87 92 370 4
87 93 665 4
87 94 577 4
87 95 594 4
87 96 832 5
87 97 520 4
87 98 826 3
87 99 410 4
87 100 318 4
88 89 535 2
88 90 761 4
88 91 689 4
88 92 666 5
88 93 1027 4
88 94 1077 5
88 95 332 3
88 96 550 4
88 97 710 4
88 98 761 5
88 99 683 6
88 100 859 4
89 90 738 5
89 91 714 4
89 92 600 5
89 93 906 3
89 94 1118 5
89 95 431 3
89 96 825 4
89 97 898 4
89 98 884 5
89 99 673 5
89 100 878 4
90 91 402 2
90 92 431 4
90 93 836 4
90 94 742 2
90 95 698 4
90 96 976 5
90 97 888 5
90 98 1164 4
90 99 150 5
90 100 444 4
91 92 280 4
91 93 574 4
91 94 516 4
91 95 748 6
91 96 678 5
91 97 507 5
91 98 794 4
91 99 256 3
91 100 472 5
92 93 405 2
92 94 539 5
92 95 627 5
92 96 721 5
92 97 571 4
92 98 746 4
92 99 411 5
92 100 286 5
93 94 315 3
93 95 895 5
93 96 628 4
93 97 381 5
93 98 577 4
93 99 710 6
93 100 587 3
94 95 1098 2
94 96 859 4
94 97 647 5
94 98 887 2
94 99 630 5
94 100 335 3
95 96 837 5
95 97 784 5
95 98 865 4
95 99 644 4
95 100 906 5
96 97 391 4
96 98 431 4
96 99 928 6
96 100 805 3
97 98 306 4
97 99 738 3
97 100 608 4
98 99 1016 5
98 100 911 3
99 100 359 5