20
5
50
7
2
3
4
6
9
14
17
11
1
5
7
10
11
12
13
15
16
18
20
0 1 100 10000000000000000000
1 7 94 10000000000000000000
1 15 79 10000000000000000000
1 16 46 10000000000000000000
3 15 58 10000000000000000000
3 18 11 10000000000000000000
5 19 56 10000000000000000000
6 15 97 10000000000000000000
7 14 29 10000000000000000000
8 19 76 10000000000000000000
9 17 29 10000000000000000000
10 19 73 10000000000000000000
10 20 14 10000000000000000000
11 13 38 10000000000000000000
11 20 40 10000000000000000000
12 15 70 10000000000000000000
13 18 11 10000000000000000000
14 18 78 10000000000000000000
15 17 55 10000000000000000000
16 20 93 10000000000000000000
17 18 20 10000000000000000000
