50
150
1500
5
7
12
23
29
39
5
8
22
27
35
36
0 1 107 107
0 2 189 189
0 3 151 151
0 4 128 128
0 5 178 178
0 6 203 203
0 7 135 135
0 8 177 177
0 9 34 34
0 10 72 72
0 11 346 346
0 12 370 370
0 13 424 424
0 14 379 379
0 15 310 310
0 16 448 448
0 17 404 404
0 18 436 436
0 19 328 328
0 20 373 373
0 21 338 338
0 22 305 305
0 23 311 311
0 24 400 400
0 25 351 351
0 26 495 495
0 27 478 478
0 28 345 345
0 29 412 412
0 30 442 442
0 31 441 441
0 32 441 441
0 33 390 390
0 34 347 347
0 35 517 517
0 36 439 439
0 37 376 376
0 38 414 414
0 39 386 386
0 40 507 507
0 41 488 488
0 42 451 451
0 43 364 364
0 44 361 361
0 45 395 395
0 46 441 441
0 47 369 369
0 48 415 415
0 49 446 446
0 50 464 464
1 2 283 283
1 3 117 117
1 4 222 222
1 5 272 272
1 6 161 161
1 7 229 229
1 8 271 271
1 9 73 73
1 10 166 166
1 11 298 298
1 12 410 410
1 13 429 429
1 14 390 390
1 15 304 304
1 16 469 469
1 17 441 441
1 18 417 417
1 19 370 370
1 20 309 309
1 21 377 377
1 22 392 392
1 23 277 277
1 24 502 502
1 25 404 404
1 26 456 456
1 27 461 461
1 28 352 352
1 29 416 416
1 30 511 511
1 31 407 407
1 32 510 510
1 33 429 429
1 34 428 428
1 35 436 436
1 36 404 404
1 37 319 319
1 38 456 456
1 39 301 301
1 40 545 545
1 41 520 520
1 42 458 458
1 43 321 321
1 44 350 350
1 45 388 388
1 46 417 417
1 47 396 396
1 48 463 463
1 49 473 473
1 50 507 507
2 3 168 168
2 4 101 101
2 5 51 51
2 6 205 205
2 7 54 54
2 8 101 101
2 9 210 210
2 10 117 117
2 11 358 358
2 12 348 348
2 13 523 523
2 14 383 383
2 15 291 291
2 16 448 448
2 17 486 486
2 18 435 435
2 19 390 390
2 20 390 390
2 21 340 340
2 22 289 289
2 23 328 328
2 24 411 411
2 25 440 440
2 26 512 512
2 27 512 512
2 28 335 335
2 29 402 402
2 30 351 351
2 31 340 340
2 32 362 362
2 33 325 325
2 34 330 330
2 35 529 529
2 36 456 456
2 37 338 338
2 38 410 410
2 39 339 339
2 40 483 483
2 41 571 571
2 42 479 479
2 43 385 385
2 44 392 392
2 45 409 409
2 46 440 440
2 47 354 354
2 48 403 403
2 49 431 431
2 50 458 458
3 4 168 168
3 5 218 218
3 6 233 233
3 7 163 163
3 8 159 159
3 9 185 185
3 10 223 223
3 11 415 415
3 12 507 507
3 13 462 462
3 14 502 502
3 15 410 410
3 16 585 585
3 17 506 506
3 18 479 479
3 19 479 479
3 20 222 222
3 21 359 359
3 22 452 452
3 23 333 333
3 24 469 469
3 25 440 440
3 26 344 344
3 27 400 400
3 28 461 461
3 29 522 522
3 30 410 410
3 31 290 290
3 32 423 423
3 33 482 482
3 34 498 498
3 35 387 387
3 36 288 288
3 37 436 436
3 38 474 474
3 39 350 350
3 40 644 644
3 41 557 557
3 42 341 341
3 43 220 220
3 44 423 423
3 45 271 271
3 46 479 479
3 47 513 513
3 48 534 534
3 49 578 578
3 50 542 542
4 5 50 50
4 6 109 109
4 7 52 52
4 8 161 161
4 9 149 149
4 10 56 56
4 11 357 357
4 12 355 355
4 13 513 513
4 14 381 381
4 15 294 294
4 16 474 474
4 17 385 385
4 18 438 438
4 19 312 312
4 20 390 390
4 21 363 363
4 22 290 290
4 23 341 341
4 24 407 407
4 25 366 366
4 26 511 511
4 27 494 494
4 28 333 333
4 29 400 400
4 30 350 350
4 31 441 441
4 32 361 361
4 33 371 371
4 34 330 330
4 35 493 493
4 36 456 456
4 37 340 340
4 38 408 408
4 39 333 333
4 40 484 484
4 41 501 501
4 42 466 466
4 43 380 380
4 44 345 345
4 45 410 410
4 46 438 438
4 47 403 403
4 48 405 405
4 49 479 479
4 50 460 460
5 6 154 154
5 7 102 102
5 8 152 152
5 9 199 199
5 10 106 106
5 11 307 307
5 12 399 399
5 13 563 563
5 14 389 389
5 15 342 342
5 16 457 457
5 17 435 435
5 18 408 408
5 19 362 362
5 20 440 440
5 21 391 391
5 22 338 338
5 23 291 291
5 24 361 361
5 25 416 416
5 26 470 470
5 27 464 464
5 28 341 341
5 29 404 404
5 30 300 300
5 31 391 391
5 32 313 313
5 33 376 376
5 34 380 380
5 35 516 516
5 36 417 417
5 37 314 314
5 38 391 391
5 39 300 300
5 40 534 534
5 41 520 520
5 42 459 459
5 43 334 334
5 44 341 341
5 45 389 389
5 46 413 413
5 47 405 405
5 48 454 454
5 49 447 447
5 50 503 503
6 7 161 161
6 8 208 208
6 9 224 224
6 10 131 131
6 11 459 459
6 12 279 279
6 13 509 509
6 14 416 416
6 15 369 369
6 16 460 460
6 17 474 474
6 18 532 532
6 19 369 369
6 20 455 455
6 21 254 254
6 22 231 231
6 23 438 438
6 24 515 515
6 25 362 362
6 26 569 569
6 27 548 548
6 28 393 393
6 29 465 465
6 30 454 454
6 31 512 512
6 32 467 467
6 33 342 342
6 34 439 439
6 35 597 597
6 36 521 521
6 37 434 434
6 38 501 501
6 39 442 442
6 40 416 416
6 41 392 392
6 42 460 460
6 43 453 453
6 44 379 379
6 45 418 418
6 46 537 537
6 47 366 366
6 48 305 305
6 49 411 411
6 50 351 351
7 8 155 155
7 9 156 156
7 10 63 63
7 11 409 409
7 12 383 383
7 13 469 469
7 14 344 344
7 15 259 259
7 16 422 422
7 17 432 432
7 18 386 386
7 19 336 336
7 20 342 342
7 21 394 394
7 22 342 342
7 23 382 382
7 24 424 424
7 25 386 386
7 26 507 507
7 27 497 497
7 28 306 306
7 29 370 370
7 30 307 307
7 31 394 394
7 32 370 370
7 33 319 319
7 34 338 338
7 35 475 475
7 36 448 448
7 37 288 288
7 38 442 442
7 39 375 375
7 40 519 519
7 41 540 540
7 42 486 486
7 43 359 359
7 44 352 352
7 45 434 434
7 46 389 389
7 47 351 351
7 48 451 451
7 49 427 427
7 50 512 512
8 9 198 198
8 10 105 105
8 11 270 270
8 12 426 426
8 13 544 544
8 14 350 350
8 15 251 251
8 16 470 470
8 17 482 482
8 18 367 367
8 19 473 473
8 20 381 381
8 21 430 430
8 22 390 390
8 23 309 309
8 24 310 310
8 25 397 397
8 26 476 476
8 27 490 490
8 28 398 398
8 29 363 363
8 30 427 427
8 31 408 408
8 32 364 364
8 33 417 417
8 34 366 366
8 35 530 530
8 36 431 431
8 37 325 325
8 38 393 393
8 39 238 238
8 40 563 563
8 41 600 600
8 42 491 491
8 43 379 379
8 44 387 387
8 45 429 429
8 46 372 372
8 47 443 443
8 48 500 500
8 49 439 439
8 50 559 559
9 10 93 93
9 11 371 371
9 12 404 404
9 13 458 458
9 14 413 413
9 15 329 329
9 16 479 479
9 17 370 370
9 18 470 470
9 19 362 362
9 20 367 367
9 21 304 304
9 22 339 339
9 23 345 345
9 24 429 429
9 25 331 331
9 26 496 496
9 27 508 508
9 28 372 372
9 29 440 440
9 30 463 463
9 31 475 475
9 32 462 462
9 33 356 356
9 34 355 355
9 35 483 483
9 36 473 473
9 37 374 374
9 38 448 448
9 39 366 366
9 40 541 541
9 41 454 454
9 42 431 431
9 43 372 372
9 44 382 382
9 45 378 378
9 46 475 475
9 47 385 385
9 48 449 449
9 49 441 441
9 50 434 434
10 11 375 375
10 12 410 410
10 13 488 488
10 14 337 337
10 15 238 238
10 16 457 457
10 17 383 383
10 18 402 402
10 19 368 368
10 20 405 405
10 21 385 385
10 22 346 346
10 23 378 378
10 24 415 415
10 25 422 422
10 26 567 567
10 27 548 548
10 28 369 369
10 29 350 350
10 30 370 370
10 31 394 394
10 32 369 369
10 33 382 382
10 34 386 386
10 35 536 536
10 36 507 507
10 37 304 304
10 38 421 421
10 39 314 314
10 40 540 540
10 41 523 523
10 42 521 521
10 43 422 422
10 44 289 289
10 45 466 466
10 46 407 407
10 47 414 414
10 48 398 398
10 49 490 490
10 50 475 475
11 12 696 696
11 13 591 591
11 14 531 531
11 15 482 482
11 16 651 651
11 17 739 739
11 18 362 362
11 19 642 642
11 20 415 415
11 21 675 675
11 22 645 645
11 23 263 263
11 24 573 573
11 25 444 444
11 26 746 746
11 27 427 427
11 28 483 483
11 29 510 510
11 30 456 456
11 31 594 594
11 32 519 519
11 33 628 628
11 34 619 619
11 35 414 414
11 36 315 315
11 37 316 316
11 38 387 387
11 39 233 233
11 40 833 833
11 41 818 818
11 42 504 504
11 43 376 376
11 44 648 648
11 45 435 435
11 46 367 367
11 47 604 604
11 48 761 761
11 49 681 681
11 50 805 805
12 13 618 618
12 14 394 394
12 15 404 404
12 16 354 354
12 17 308 308
12 18 643 643
12 19 90 90
12 20 718 718
12 21 482 482
12 22 65 65
12 23 659 659
12 24 724 724
12 25 641 641
12 26 848 848
12 27 819 819
12 28 416 416
12 29 482 482
12 30 690 690
12 31 561 561
12 32 686 686
12 33 271 271
12 34 193 193
12 35 836 836
12 36 786 786
12 37 552 552
12 38 587 587
12 39 612 612
12 40 137 137
12 41 476 476
12 42 720 720
12 43 726 726
12 44 213 213
12 45 697 697
12 46 648 648
12 47 269 269
12 48 326 326
12 49 268 268
12 50 459 459
13 14 803 803
13 15 726 726
13 16 849 849
13 17 504 504
13 18 831 831
13 19 643 643
13 20 487 487
13 21 518 518
13 22 594 594
13 23 363 363
13 24 690 690
13 25 147 147
13 26 452 452
13 27 312 312
13 28 769 769
13 29 836 836
13 30 586 586
13 31 297 297
13 32 637 637
13 33 788 788
13 34 771 771
13 35 485 485
13 36 386 386
13 37 743 743
13 38 838 838
13 39 730 730
13 40 716 716
13 41 297 297
13 42 161 161
13 43 476 476
13 44 476 476
13 45 191 191
13 46 836 836
13 47 759 759
13 48 545 545
13 49 801 801
13 50 432 432
14 15 99 99
14 16 120 120
14 17 553 553
14 18 301 301
14 19 304 304
14 20 622 622
14 21 667 667
14 22 344 344
14 23 656 656
14 24 496 496
14 25 729 729
14 26 807 807
14 27 833 833
14 28 48 48
14 29 121 121
14 30 522 522
14 31 721 721
14 32 484 484
14 33 125 125
14 34 284 284
14 35 771 771
14 36 769 769
14 37 245 245
14 38 232 232
14 39 327 327
14 40 531 531
14 41 788 788
14 42 829 829
14 43 656 656
14 44 474 474
14 45 768 768
14 46 302 302
14 47 137 137
14 48 587 587
14 49 214 214
14 50 690 690
15 16 219 219
15 17 587 587
15 18 252 252
15 19 318 318
15 20 523 523
15 21 612 612
15 22 344 344
15 23 557 557
15 24 404 404
15 25 645 645
15 26 727 727
15 27 739 739
15 28 147 147
15 29 112 112
15 30 451 451
15 31 631 631
15 32 388 388
15 33 166 166
15 34 383 383
15 35 734 734
15 36 672 672
15 37 166 166
15 38 183 183
15 39 253 253
15 40 523 523
15 41 744 744
15 42 742 742
15 43 558 558
15 44 492 492
15 45 680 680
15 46 253 253
15 47 192 192
15 48 605 605
15 49 268 268
15 50 713 713
16 17 529 529
16 18 421 421
16 19 269 269
16 20 727 727
16 21 693 693
16 22 419 419
16 23 742 742
16 24 615 615
16 25 797 797
16 26 925 925
16 27 919 919
16 28 168 168
16 29 180 180
16 30 635 635
16 31 750 750
16 32 604 604
16 33 245 245
16 34 164 164
16 35 875 875
16 36 870 870
16 37 365 365
16 38 352 352
16 39 447 447
16 40 429 429
16 41 796 796
16 42 897 897
16 43 776 776
16 44 464 464
16 45 843 843
16 46 422 422
16 47 94 94
16 48 577 577
16 49 171 171
16 50 676 676
17 18 765 765
17 19 398 398
17 20 727 727
17 21 287 287
17 22 243 243
17 23 633 633
17 24 792 792
17 25 569 569
17 26 843 843
17 27 746 746
17 28 565 565
17 29 636 636
17 30 735 735
17 31 419 419
17 32 746 746
17 33 457 457
17 34 365 365
17 35 820 820
17 36 753 753
17 37 667 667
17 38 762 762
17 39 697 697
17 40 212 212
17 41 306 306
17 42 634 634
17 43 726 726
17 44 95 95
17 45 616 616
17 46 770 770
17 47 512 512
17 48 208 208
17 49 435 435
17 50 151 151
18 19 569 569
18 20 476 476
18 21 774 774
18 22 589 589
18 23 572 572
18 24 263 263
18 25 727 727
18 26 670 670
18 27 750 750
18 28 263 263
18 29 301 301
18 30 345 345
18 31 751 751
18 32 282 282
18 33 405 405
18 34 483 483
18 35 621 621
18 36 656 656
18 37 98 98
18 38 69 69
18 39 129 129
18 40 765 765
18 41 922 922
18 42 800 800
18 43 525 525
18 44 671 671
18 45 731 731
18 46 5 5
18 47 428 428
18 48 768 768
18 49 499 499
18 50 877 877
19 20 678 678
19 21 572 572
19 22 155 155
19 23 636 636
19 24 679 679
19 25 678 678
19 26 822 822
19 27 806 806
19 28 352 352
19 29 394 394
19 30 643 643
19 31 544 544
19 32 625 625
19 33 286 286
19 34 283 283
19 35 805 805
19 36 765 765
19 37 471 471
19 38 500 500
19 39 522 522
19 40 227 227
19 41 538 538
19 42 759 759
19 43 691 691
19 44 303 303
19 45 722 722
19 46 570 570
19 47 181 181
19 48 416 416
19 49 178 178
19 50 408 408
20 21 581 581
20 22 659 659
20 23 152 152
20 24 255 255
20 25 486 486
20 26 566 566
20 27 289 289
20 28 575 575
20 29 635 635
20 30 264 264
20 31 455 455
20 32 201 201
20 33 641 641
20 34 675 675
20 35 380 380
20 36 281 281
20 37 440 440
20 38 506 506
20 39 353 353
20 40 852 852
20 41 722 722
20 42 386 386
20 43 265 265
20 44 643 643
20 45 324 324
20 46 481 481
20 47 693 693
20 48 756 756
20 49 749 749
20 50 764 764
21 22 417 417
21 23 598 598
21 24 704 704
21 25 457 457
21 26 703 703
21 27 485 485
21 28 647 647
21 29 719 719
21 30 691 691
21 31 572 572
21 32 650 650
21 33 580 580
21 34 570 570
21 35 623 623
21 36 524 524
21 37 678 678
21 38 749 749
21 39 668 668
21 40 499 499
21 41 593 593
21 42 357 357
21 43 535 535
21 44 269 269
21 45 427 427
21 46 779 779
21 47 599 599
21 48 382 382
21 49 665 665
21 50 226 226
22 23 607 607
22 24 676 676
22 25 593 593
22 26 796 796
22 27 754 754
22 28 369 369
22 29 442 442
22 30 638 638
22 31 496 496
22 32 622 622
22 33 224 224
22 34 258 258
22 35 781 781
22 36 735 735
22 37 510 510
22 38 527 527
22 39 597 597
22 40 202 202
22 41 484 484
22 42 684 684
22 43 669 669
22 44 148 148
22 45 647 647
22 46 584 584
22 47 334 334
22 48 261 261
22 49 332 332
22 50 394 394
23 24 375 375
23 25 341 341
23 26 677 677
23 27 184 184
23 28 629 629
23 29 669 669
23 30 267 267
23 31 386 386
23 32 326 326
23 33 653 653
23 34 658 658
23 35 228 228
23 36 129 129
23 37 505 505
23 38 588 588
23 39 490 490
23 40 796 796
23 41 646 646
23 42 241 241
23 43 113 113
23 44 559 559
23 45 172 172
23 46 577 577
23 47 673 673
23 48 672 672
23 49 738 738
23 50 775 775
24 25 685 685
24 26 425 425
24 27 542 542
24 28 448 448
24 29 460 460
24 30 117 117
24 31 634 634
24 32 54 54
24 33 570 570
24 34 645 645
24 35 372 372
24 36 439 439
24 37 257 257
24 38 332 332
24 39 340 340
24 40 860 860
24 41 861 861
24 42 616 616
24 43 295 295
24 44 697 697
24 45 547 547
24 46 267 267
24 47 590 590
24 48 809 809
24 49 667 667
24 50 863 863
25 26 599 599
25 27 300 300
25 28 692 692
25 29 756 756
25 30 568 568
25 31 150 150
25 32 631 631
25 33 686 686
25 34 679 679
25 35 341 341
25 36 246 246
25 37 674 674
25 38 718 718
25 39 635 635
25 40 778 778
25 41 417 417
25 42 100 100
25 43 454 454
25 44 498 498
25 45 170 170
25 46 722 722
25 47 715 715
25 48 609 609
25 49 768 768
25 50 516 516
26 27 744 744
26 28 805 805
26 29 827 827
26 30 454 454
26 31 461 461
26 32 391 391
26 33 813 813
26 34 841 841
26 35 731 731
26 36 632 632
26 37 624 624
26 38 714 714
26 39 677 677
26 40 975 975
26 41 727 727
26 42 613 613
26 43 564 564
26 44 748 748
26 45 615 615
26 46 675 675
26 47 845 845
26 48 861 861
26 49 914 914
26 50 884 884
27 28 803 803
27 29 851 851
27 30 434 434
27 31 344 344
27 32 488 488
27 33 816 816
27 34 824 824
27 35 211 211
27 36 112 112
27 37 689 689
27 38 769 769
27 39 642 642
27 40 929 929
27 41 604 604
27 42 200 200
27 43 297 297
27 44 743 743
27 45 130 130
27 46 755 755
27 47 846 846
27 48 784 784
27 49 908 908
27 50 711 711
28 29 73 73
28 30 474 474
28 31 673 673
28 32 436 436
28 33 145 145
28 34 332 332
28 35 781 781
28 36 724 724
28 37 276 276
28 38 197 197
28 39 352 352
28 40 553 553
28 41 785 785
28 42 790 790
28 43 610 610
28 44 470 470
28 45 730 730
28 46 265 265
28 47 185 185
28 48 548 548
28 49 237 237
28 50 685 685
29 30 509 509
29 31 742 742
29 32 456 456
29 33 218 218
29 34 344 344
29 35 764 764
29 36 784 784
29 37 203 203
29 38 270 270
29 39 290 290
29 40 573 573
29 41 856 856
29 42 851 851
29 43 651 651
29 44 541 541
29 45 789 789
29 46 306 306
29 47 213 213
29 48 621 621
29 49 273 273
29 50 757 757
30 31 644 644
30 32 63 63
30 33 600 600
30 34 645 645
30 35 421 421
30 36 322 322
30 37 306 306
30 38 378 378
30 39 223 223
30 40 825 825
30 41 820 820
30 42 508 508
30 43 190 190
30 44 641 641
30 45 439 439
30 46 346 346
30 47 631 631
30 48 754 754
30 49 708 708
30 50 789 789
31 32 581 581
31 33 636 636
31 34 670 670
31 35 482 482
31 36 392 392
31 37 661 661
31 38 739 739
31 39 640 640
31 40 631 631
31 41 267 267
31 42 215 215
31 43 499 499
31 44 514 514
31 45 214 214
31 46 756 756
31 47 660 660
31 48 459 459
31 49 701 701
31 50 570 570
32 33 537 537
32 34 591 591
32 35 426 426
32 36 385 385
32 37 311 311
32 38 323 323
32 39 286 286
32 40 823 823
32 41 807 807
32 42 567 567
32 43 253 253
32 44 652 652
32 45 498 498
32 46 286 286
32 47 568 568
32 48 764 764
32 49 645 645
32 50 813 813
33 34 409 409
33 35 784 784
33 36 767 767
33 37 331 331
33 38 342 342
33 39 418 418
33 40 408 408
33 41 688 688
33 42 786 786
33 43 667 667
33 44 362 362
33 45 733 733
33 46 410 410
33 47 185 185
33 48 475 475
33 49 108 108
33 50 608 608
34 35 813 813
34 36 786 786
34 37 529 529
34 38 420 420
34 39 467 467
34 40 330 330
34 41 637 637
34 42 779 779
34 43 696 696
34 44 301 301
34 45 733 733
34 46 488 488
34 47 258 258
34 48 414 414
34 49 335 335
34 50 516 516
35 36 99 99
35 37 580 580
35 38 656 656
35 39 501 501
35 40 967 967
35 41 749 749
35 42 364 364
35 43 341 341
35 44 786 786
35 45 294 294
35 46 626 626
35 47 826 826
35 48 898 898
35 49 892 892
35 50 826 826
36 37 601 601
36 38 681 681
36 39 530 530
36 40 912 912
36 41 659 659
36 42 265 265
36 43 242 242
36 44 688 688
36 45 195 195
36 46 661 661
36 47 799 799
36 48 801 801
36 49 864 864
36 50 750 750
37 38 167 167
37 39 87 87
37 40 679 679
37 41 824 824
37 42 746 746
37 43 474 474
37 44 574 574
37 45 677 677
37 46 103 103
37 47 358 358
37 48 687 687
37 49 433 433
37 50 779 779
38 39 155 155
38 40 706 706
38 41 893 893
38 42 815 815
38 43 555 555
38 44 667 667
38 45 745 745
38 46 70 70
38 47 362 362
38 48 745 745
38 49 432 432
38 50 852 852
39 40 749 749
39 41 820 820
39 42 672 672
39 43 400 400
39 44 603 603
39 45 621 621
39 46 134 134
39 47 429 429
39 48 712 712
39 49 506 506
39 50 789 789
40 41 514 514
40 42 825 825
40 43 863 863
40 44 307 307
40 45 799 799
40 46 768 768
40 47 406 406
40 48 420 420
40 49 405 405
40 50 363 363
41 42 457 457
41 43 684 684
41 44 336 336
41 45 474 474
41 46 927 927
41 47 719 719
41 48 449 449
41 49 716 716
41 50 457 457
42 43 354 354
42 44 598 598
42 45 70 70
42 46 805 805
42 47 815 815
42 48 672 672
42 49 868 868
42 50 582 582
43 44 642 642
43 45 285 285
43 46 530 530
43 47 700 700
43 48 754 754
43 49 770 770
43 50 761 761
44 45 667 667
44 46 675 675
44 47 482 482
44 48 113 113
44 49 470 470
44 50 246 246
45 46 736 736
45 47 763 763
45 48 654 654
45 49 819 819
45 50 623 623
46 47 432 432
46 48 772 772
46 49 502 502
46 50 882 882
47 48 490 490
47 49 77 77
47 50 589 589
48 49 413 413
48 50 359 359
49 50 586 586
