100
50
500
40
1
2
3
4
5
9
11
13
14
15
19
23
24
25
28
29
30
37
39
40
44
46
47
52
53
54
59
65
71
72
75
77
79
80
82
83
90
93
95
99
40
6
7
12
16
17
20
22
31
32
33
35
36
38
41
42
43
45
48
50
51
55
61
62
63
64
66
67
69
73
74
76
85
86
87
88
89
91
94
97
100
0 1 635 635
0 2 462 462
0 3 415 415
0 4 163 163
0 5 376 376
0 6 323 323
0 7 718 718
0 8 376 376
0 9 276 276
0 10 641 641
0 11 228 228
0 12 320 320
0 13 581 581
0 14 392 392
0 15 653 653
0 16 321 321
0 17 402 402
0 18 545 545
0 19 523 523
0 20 386 386
0 21 332 332
0 22 137 137
0 23 532 532
0 24 531 531
0 25 407 407
0 26 500 500
0 27 216 216
0 28 555 555
0 29 299 299
0 30 413 413
0 31 800 800
0 32 624 624
0 33 592 592
0 34 442 442
0 35 623 623
0 36 524 524
0 37 351 351
0 38 365 365
0 39 354 354
0 40 377 377
0 41 754 754
0 42 529 529
0 43 373 373
0 44 580 580
0 45 540 540
0 46 440 440
0 47 468 468
0 48 471 471
0 49 237 237
0 50 254 254
0 51 341 341
0 52 443 443
0 53 501 501
0 54 688 688
0 55 423 423
0 56 325 325
0 57 369 369
0 58 439 439
0 59 524 524
0 60 439 439
0 61 294 294
0 62 391 391
0 63 442 442
0 64 454 454
0 65 166 166
0 66 244 244
0 67 263 263
0 68 433 433
0 69 434 434
0 70 662 662
0 71 433 433
0 72 622 622
0 73 560 560
0 74 461 461
0 75 567 567
0 76 462 462
0 77 259 259
0 78 594 594
0 79 747 747
0 80 383 383
0 81 279 279
0 82 460 460
0 83 234 234
0 84 228 228
0 85 412 412
0 86 473 473
0 87 555 555
0 88 373 373
0 89 634 634
0 90 510 510
0 91 318 318
0 92 234 234
0 93 441 441
0 94 587 587
0 95 287 287
0 96 823 823
0 97 545 545
0 98 249 249
0 99 344 344
0 100 527 527
1 2 323 323
1 3 898 898
1 4 796 796
1 5 788 788
1 6 580 580
1 7 181 181
1 8 862 862
1 9 766 766
1 10 425 425
1 11 753 753
1 12 585 585
1 13 91 91
1 14 427 427
1 15 218 218
1 16 937 937
1 17 650 650
1 18 676 676
1 19 157 157
1 20 853 853
1 21 303 303
1 22 677 677
1 23 386 386
1 24 879 879
1 25 570 570
1 26 418 418
1 27 849 849
1 28 721 721
1 29 538 538
1 30 924 924
1 31 235 235
1 32 25 25
1 33 240 240
1 34 914 914
1 35 49 49
1 36 429 429
1 37 604 604
1 38 986 986
1 39 982 982
1 40 363 363
1 41 155 155
1 42 155 155
1 43 276 276
1 44 438 438
1 45 96 96
1 46 869 869
1 47 1100 1100
1 48 620 620
1 49 788 788
1 50 873 873
1 51 328 328
1 52 393 393
1 53 694 694
1 54 267 267
1 55 766 766
1 56 773 773
1 57 989 989
1 58 638 638
1 59 114 114
1 60 293 293
1 61 516 516
1 62 477 477
1 63 691 691
1 64 546 546
1 65 486 486
1 66 618 618
1 67 896 896
1 68 597 597
1 69 406 406
1 70 782 782
1 71 875 875
1 72 785 785
1 73 205 205
1 74 1084 1084
1 75 255 255
1 76 502 502
1 77 584 584
1 78 725 725
1 79 210 210
1 80 258 258
1 81 804 804
1 82 726 726
1 83 432 432
1 84 445 445
1 85 598 598
1 86 1091 1091
1 87 756 756
1 88 819 819
1 89 40 40
1 90 583 583
1 91 502 502
1 92 435 435
1 93 725 725
1 94 588 588
1 95 486 486
1 96 201 201
1 97 669 669
1 98 884 884
1 99 770 770
1 100 787 787
2 3 760 760
2 4 577 577
2 5 679 679
2 6 506 506
2 7 479 479
2 8 590 590
2 9 448 448
2 10 626 626
2 11 573 573
2 12 508 508
2 13 317 317
2 14 448 448
2 15 240 240
2 16 712 712
2 17 599 599
2 18 382 382
2 19 377 377
2 20 719 719
2 21 285 285
2 22 485 485
2 23 247 247
2 24 809 809
2 25 546 546
2 26 463 463
2 27 602 602
2 28 421 421
2 29 458 458
2 30 618 618
2 31 473 473
2 32 325 325
2 33 199 199
2 34 782 782
2 35 287 287
2 36 192 192
2 37 539 539
2 38 719 719
2 39 742 742
2 40 85 85
2 41 446 446
2 42 179 179
2 43 227 227
2 44 546 546
2 45 238 238
2 46 756 756
2 47 860 860
2 48 374 374
2 49 599 599
2 50 645 645
2 51 121 121
2 52 70 70
2 53 418 418
2 54 527 527
2 55 443 443
2 56 641 641
2 57 722 722
2 58 325 325
2 59 256 256
2 60 340 340
2 61 437 437
2 62 463 463
2 63 373 373
2 64 246 246
2 65 304 304
2 66 492 492
2 67 648 648
2 68 576 576
2 69 114 114
2 70 816 816
2 71 757 757
2 72 495 495
2 73 270 270
2 74 847 847
2 75 295 295
2 76 527 527
2 77 475 475
2 78 748 748
2 79 503 503
2 80 270 270
2 81 625 625
2 82 405 405
2 83 282 282
2 84 294 294
2 85 569 569
2 86 864 864
2 87 744 744
2 88 510 510
2 89 338 338
2 90 270 270
2 91 445 445
2 92 287 287
2 93 414 414
2 94 658 658
2 95 383 383
2 96 524 524
2 97 693 693
2 98 649 649
2 99 649 649
2 100 464 464
3 4 363 363
3 5 125 125
3 6 326 326
3 7 907 907
3 8 715 715
3 9 650 650
3 10 682 682
3 11 199 199
3 12 321 321
3 13 862 862
3 14 492 492
3 15 947 947
3 16 264 264
3 17 296 296
3 18 958 958
3 19 749 749
3 20 45 45
3 21 626 626
3 22 283 283
3 23 919 919
3 24 191 191
3 25 375 375
3 26 587 587
3 27 390 390
3 28 962 962
3 29 363 363
3 30 583 583
3 31 1047 1047
3 32 878 878
3 33 942 942
3 34 27 27
3 35 903 903
3 36 922 922
3 37 311 311
3 38 524 524
3 39 375 375
3 40 675 675
3 41 992 992
3 42 802 802
3 43 631 631
3 44 604 604
3 45 818 818
3 46 108 108
3 47 440 440
3 48 486 486
3 49 178 178
3 50 272 272
3 51 694 694
3 52 744 744
3 53 670 670
3 54 823 823
3 55 797 797
3 56 127 127
3 57 432 432
3 58 852 852
3 59 801 801
3 60 618 618
3 61 383 383
3 62 435 435
3 63 851 851
3 64 868 868
3 65 456 456
3 66 286 286
3 67 342 342
3 68 371 371
3 69 839 839
3 70 453 453
3 71 95 95
3 72 1031 1031
3 73 846 846
3 74 404 404
3 75 900 900
3 76 467 467
3 77 314 314
3 78 412 412
3 79 929 929
3 80 664 664
3 81 145 145
3 82 809 809
3 83 493 493
3 84 480 480
3 85 352 352
3 86 411 411
3 87 359 359
3 88 559 559
3 89 875 875
3 90 835 835
3 91 400 400
3 92 489 489
3 93 844 844
3 94 514 514
3 95 415 415
3 96 1042 1042
3 97 443 443
3 98 388 388
3 99 130 130
3 100 700 700
4 5 363 363
4 6 399 399
4 7 871 871
4 8 366 366
4 9 300 300
4 10 760 760
4 11 264 264
4 12 395 395
4 13 744 744
4 14 523 523
4 15 814 814
4 16 244 244
4 17 454 454
4 18 641 641
4 19 680 680
4 20 339 339
4 21 493 493
4 22 171 171
4 23 680 680
4 24 510 510
4 25 486 486
4 26 625 625
4 27 53 53
4 28 637 637
4 29 394 394
4 30 250 250
4 31 961 961
4 32 784 784
4 33 755 755
4 34 390 390
4 35 786 786
4 36 666 666
4 37 416 416
4 38 235 235
4 39 193 193
4 40 540 540
4 41 914 914
4 42 663 663
4 43 536 536
4 44 683 683
4 45 702 702
4 46 400 400
4 47 305 305
4 48 308 308
4 49 285 285
4 50 171 171
4 51 504 504
4 52 507 507
4 53 338 338
4 54 831 831
4 55 446 446
4 56 315 315
4 57 206 206
4 58 542 542
4 59 685 685
4 60 584 584
4 61 412 412
4 62 483 483
4 63 525 525
4 64 575 575
4 65 329 329
4 66 310 310
4 67 101 101
4 68 505 505
4 69 580 580
4 70 703 703
4 71 389 389
4 72 698 698
4 73 707 707
4 74 298 298
4 75 728 728
4 76 558 558
4 77 338 338
4 78 646 646
4 79 899 899
4 80 543 543
4 81 218 218
4 82 474 474
4 83 384 384
4 84 391 391
4 85 484 484
4 86 316 316
4 87 598 598
4 88 210 210
4 89 796 796
4 90 531 531
4 91 424 424
4 92 382 382
4 93 510 510
4 94 670 670
4 95 379 379
4 96 984 984
4 97 601 601
4 98 95 95
4 99 331 331
4 100 364 364
5 6 209 209
5 7 789 789
5 8 721 721
5 9 636 636
5 10 560 560
5 11 201 201
5 12 204 204
5 13 754 754
5 14 374 374
5 15 849 849
5 16 334 334
5 17 298 298
5 18 916 916
5 19 636 636
5 20 80 80
5 21 529 529
5 22 239 239
5 23 842 842
5 24 219 219
5 25 252 252
5 26 472 472
5 27 369 369
5 28 930 930
5 29 250 250
5 30 612 612
5 31 933 933
5 32 767 767
5 33 859 859
5 34 143 143
5 35 796 796
5 36 850 850
5 37 190 190
5 38 573 573
5 39 401 401
5 40 594 594
5 41 876 876
5 42 699 699
5 43 529 529
5 44 481 481
5 45 711 711
5 46 139 139
5 47 496 496
5 48 448 448
5 49 235 235
5 50 325 325
5 51 609 609
5 52 670 670
5 53 646 646
5 54 701 701
5 55 774 774
5 56 56 56
5 57 502 502
5 58 811 811
5 59 695 695
5 60 505 505
5 61 272 272
5 62 318 318
5 63 817 817
5 64 813 813
5 65 378 378
5 66 187 187
5 67 395 395
5 68 249 249
5 69 763 763
5 70 361 361
5 71 130 130
5 72 997 997
5 73 751 751
5 74 466 466
5 75 803 803
5 76 344 344
5 77 219 219
5 78 360 360
5 79 809 809
5 80 561 561
5 81 147 147
5 82 784 784
5 83 399 399
5 84 400 400
5 85 229 229
5 86 446 446
5 87 246 246
5 88 565 565
5 89 762 762
5 90 796 796
5 91 288 288
5 92 394 394
5 93 817 817
5 94 396 396
5 95 309 309
5 96 924 924
5 97 336 336
5 98 426 426
5 99 32 32
5 100 692 692
6 7 581 581
6 8 699 699
6 9 598 598
6 10 381 381
6 11 225 225
6 12 5 5
6 13 550 550
6 14 176 176
6 15 653 653
6 16 456 456
6 17 99 99
6 18 809 809
6 19 429 429
6 20 281 281
6 21 342 342
6 22 228 228
6 23 674 674
6 24 309 309
6 25 87 87
6 26 272 272
6 27 438 438
6 28 824 824
6 29 49 49
6 30 636 636
6 31 724 724
6 32 560 560
6 33 660 660
6 34 339 339
6 35 591 591
6 36 693 693
6 37 33 33
6 38 634 634
6 39 520 520
6 40 429 429
6 41 668 668
6 42 502 502
6 43 326 326
6 44 301 301
6 45 508 508
6 46 290 290
6 47 632 632
6 48 382 382
6 49 266 266
6 50 412 412
6 51 438 438
6 52 517 517
6 53 584 584
6 54 500 500
6 55 711 711
6 56 226 226
6 57 582 582
6 58 714 714
6 59 492 492
6 60 297 297
6 61 71 71
6 62 109 109
6 63 734 734
6 64 685 685
6 65 235 235
6 66 98 98
6 67 469 469
6 68 111 111
6 69 603 603
6 70 346 346
6 71 310 310
6 72 902 902
6 73 562 562
6 74 602 602
6 75 611 611
6 76 165 165
6 77 64 64
6 78 276 276
6 79 603 603
6 80 367 367
6 81 264 264
6 82 708 708
6 83 225 225
6 84 214 214
6 85 115 115
6 86 594 594
6 87 250 250
6 88 587 587
6 89 555 555
6 90 675 675
6 91 79 79
6 92 220 220
6 93 738 738
6 94 271 271
6 95 123 123
6 96 716 716
6 97 228 228
6 98 494 494
6 99 215 215
6 100 669 669
7 8 992 992
7 9 894 894
7 10 316 316
7 11 790 790
7 12 586 586
7 13 223 223
7 14 415 415
7 15 344 344
7 16 993 993
7 17 629 629
7 18 839 839
7 19 258 258
7 20 862 862
7 21 396 396
7 22 748 748
7 23 543 543
7 24 852 852
7 25 545 545
7 26 331 331
7 27 921 921
7 28 881 881
7 29 548 548
7 30 1028 1028
7 31 219 219
7 32 157 157
7 33 414 414
7 34 919 919
7 35 230 230
7 36 598 598
7 37 599 599
7 38 1081 1081
7 39 1047 1047
7 40 489 489
7 41 170 170
7 42 300 300
7 43 346 346
7 44 355 355
7 45 242 242
7 46 867 867
7 47 1164 1164
7 48 719 719
7 49 829 829
7 50 934 934
7 51 473 473
7 52 539 539
7 53 822 822
7 54 369 369
7 55 910 910
7 56 784 784
7 57 1069 1069
7 58 799 799
7 59 256 256
7 60 425 425
7 61 537 537
7 62 472 472
7 63 844 844
7 64 707 707
7 65 555 555
7 66 636 636
7 67 968 968
7 68 561 561
7 69 566 566
7 70 701 701
7 71 876 876
7 72 953 953
7 73 369 369
7 74 1143 1143
7 75 355 355
7 76 461 461
7 77 609 609
7 78 659 659
7 79 31 31
7 80 389 389
7 81 828 828
7 82 874 874
7 83 553 553
7 84 542 542
7 85 573 573
7 86 1144 1144
7 87 699 699
7 88 920 920
7 89 141 141
7 90 739 739
7 91 514 514
7 92 548 548
7 93 885 885
7 94 509 509
7 95 576 576
7 96 142 142
7 97 609 609
7 98 964 964
7 99 777 777
7 100 914 914
8 9 554 554
8 10 992 992
8 11 563 563
8 12 696 696
8 13 800 800
8 14 749 749
8 15 772 772
8 16 493 493
8 17 778 778
8 18 492 492
8 19 811 811
8 20 702 702
8 21 647 647
8 22 493 493
8 23 587 587
8 24 872 872
8 25 783 783
8 26 851 851
8 27 419 419
8 28 474 474
8 29 673 673
8 30 266 266
8 31 1015 1015
8 32 861 861
8 33 733 733
8 34 742 742
8 35 829 829
8 36 545 545
8 37 723 723
8 38 288 288
8 39 469 469
8 40 505 505
8 41 986 986
8 42 715 715
8 43 662 662
8 44 925 925
8 45 771 771
8 46 764 764
8 47 521 521
8 48 323 323
8 49 549 549
8 50 453 453
8 51 539 539
8 52 596 596
8 53 403 403
8 54 998 998
8 55 407 407
8 56 666 666
8 57 373 373
8 58 313 313
8 59 756 756
8 60 778 778
8 61 666 666
8 62 727 727
8 63 368 368
8 64 612 612
8 65 510 510
8 66 618 618
8 67 396 396
8 68 809 809
8 69 546 546
8 70 1037 1037
8 71 752 752
8 72 396 396
8 73 706 706
8 74 545 545
8 75 764 764
8 76 829 829
8 77 635 635
8 78 968 968
8 79 1023 1023
8 80 698 698
8 81 584 584
8 82 461 461
8 83 567 567
8 84 567 567
8 85 788 788
8 86 578 578
8 87 927 927
8 88 156 156
8 89 871 871
8 90 556 556
8 91 686 686
8 92 572 572
8 93 409 409
8 94 961 961
8 95 623 623
8 96 1063 1063
8 97 921 921
8 98 344 344
8 99 690 690
8 100 310 310
9 10 884 884
9 11 504 504
9 12 595 595
9 13 702 702
9 14 642 642
9 15 688 688
9 16 450 450
9 17 678 678
9 18 374 374
9 19 696 696
9 20 627 627
9 21 498 498
9 22 413 413
9 23 513 513
9 24 791 791
9 25 683 683
9 26 741 741
9 27 353 353
9 28 363 363
9 29 570 570
9 30 457 457
9 31 921 921
9 32 760 760
9 33 628 628
9 34 672 672
9 35 735 735
9 36 493 493
9 37 624 624
9 38 460 460
9 39 449 449
9 40 474 474
9 41 888 888
9 42 616 616
9 43 556 556
9 44 818 818
9 45 670 670
9 46 690 690
9 47 513 513
9 48 477 477
9 49 472 472
9 50 399 399
9 51 438 438
9 52 498 498
9 53 275 275
9 54 892 892
9 55 147 147
9 56 583 583
9 57 362 362
9 58 273 273
9 59 688 688
9 60 653 653
9 61 570 570
9 62 622 622
9 63 328 328
9 64 348 348
9 65 403 403
9 66 520 520
9 67 353 353
9 68 709 709
9 69 417 417
9 70 938 938
9 71 677 677
9 72 407 407
9 73 582 582
9 74 553 553
9 75 633 633
9 76 724 724
9 77 534 534
9 78 870 870
9 79 920 920
9 80 549 549
9 81 518 518
9 82 184 184
9 83 459 459
9 84 460 460
9 85 687 687
9 86 572 572
9 87 831 831
9 88 398 398
9 89 770 770
9 90 292 292
9 91 581 581
9 92 462 462
9 93 369 369
9 94 857 857
9 95 518 518
9 96 963 963
9 97 820 820
9 98 395 395
9 99 607 607
9 100 368 368
10 11 605 605
10 12 385 385
10 13 474 474
10 14 250 250
10 15 607 607
10 16 836 836
10 17 388 388
10 18 961 961
10 19 307 307
10 20 640 640
10 21 423 423
10 22 593 593
10 23 718 718
10 24 591 591
10 25 310 310
10 26 363 363
10 27 801 801
10 28 996 996
10 29 371 371
10 30 973 973
10 31 499 499
10 32 436 436
10 33 627 627
10 34 686 686
10 35 474 474
10 36 773 773
10 37 382 382
10 38 994 994
10 39 899 899
10 40 606 606
10 41 442 442
10 42 455 455
10 43 400 400
10 44 80 80
10 45 417 417
10 46 624 624
10 47 1012 1012
10 48 674 674
10 49 646 646
10 50 789 789
10 51 570 570
10 52 634 634
10 53 838 838
10 54 191 191
10 55 965 965
10 56 573 573
10 57 953 953
10 58 888 888
10 59 413 413
10 60 385 385
10 61 364 364
10 62 413 413
10 63 941 941
10 64 825 825
10 65 489 489
10 66 463 463
10 67 841 841
10 68 355 355
10 69 718 718
10 70 390 390
10 71 641 641
10 72 1072 1072
10 73 551 551
10 74 982 982
10 75 564 564
10 76 342 342
10 77 430 430
10 78 379 379
10 79 320 320
10 80 443 443
10 81 644 644
10 82 934 934
10 83 425 425
10 84 438 438
10 85 331 331
10 86 974 974
10 87 407 407
10 88 878 878
10 89 419 419
10 90 840 840
10 91 340 340
10 92 422 422
10 93 949 949
10 94 204 204
10 95 385 385
10 96 453 453
10 97 317 317
10 98 855 855
10 99 559 559
10 100 926 926
11 12 220 220
11 13 700 700
11 14 375 375
11 15 774 774
11 16 231 231
11 17 314 314
11 18 772 772
11 19 617 617
11 20 158 158
11 21 483 483
11 22 93 93
11 23 731 731
11 24 312 312
11 25 305 305
11 26 485 485
11 27 225 225
11 28 783 783
11 29 274 274
11 30 470 470
11 31 907 907
11 32 734 734
11 33 772 772
11 34 215 215
11 35 742 742
11 36 733 733
11 37 230 230
11 38 430 430
11 39 296 296
11 40 493 493
11 41 858 858
11 42 651 651
11 43 495 495
11 44 525 525
11 45 657 657
11 46 212 212
11 47 407 407
11 48 301 301
11 49 41 41
11 50 190 190
11 51 529 529
11 52 555 555
11 53 492 492
11 54 713 713
11 55 615 615
11 56 151 151
11 57 365 365
11 58 667 667
11 59 640 640
11 60 510 510
11 61 296 296
11 62 334 334
11 63 670 670
11 64 678 678
11 65 288 288
11 66 232 232
11 67 253 253
11 68 318 318
11 69 640 640
11 70 496 496
11 71 208 208
11 72 849 849
11 73 669 669
11 74 381 381
11 75 724 724
11 76 390 390
11 77 260 260
11 78 436 436
11 79 804 804
11 80 497 497
11 81 54 54
11 82 632 632
11 83 324 324
11 84 337 337
11 85 294 294
11 86 371 371
11 87 381 381
11 88 407 407
11 89 733 733
11 90 698 698
11 91 276 276
11 92 319 319
11 93 666 666
11 94 484 484
11 95 344 344
11 96 918 918
11 97 401 401
11 98 283 283
11 99 175 175
11 100 535 535
12 13 554 554
12 14 171 171
12 15 658 658
12 16 451 451
12 17 94 94
12 18 804 804
12 19 434 434
12 20 276 276
12 21 347 347
12 22 224 224
12 23 676 676
12 24 312 312
12 25 92 92
12 26 271 271
12 27 435 435
12 28 824 824
12 29 54 54
12 30 633 633
12 31 729 729
12 32 565 565
12 33 662 662
12 34 334 334
12 35 596 596
12 36 695 695
12 37 32 32
12 38 630 630
12 39 515 515
12 40 431 431
12 41 672 672
12 42 507 507
12 43 331 331
12 44 305 305
12 45 513 513
12 46 285 285
12 47 627 627
12 48 380 380
12 49 261 261
12 50 407 407
12 51 440 440
12 52 518 518
12 53 579 579
12 54 505 505
12 55 706 706
12 56 225 225
12 57 577 577
12 58 719 719
12 59 496 496
12 60 302 302
12 61 76 76
12 62 114 114
12 63 731 731
12 64 690 690
12 65 230 230
12 66 95 95
12 67 464 464
12 68 114 114
12 69 605 605
12 70 351 351
12 71 309 309
12 72 902 902
12 73 565 565
12 74 598 598
12 75 616 616
12 76 170 170
12 77 61 61
12 78 281 281
12 79 608 608
12 80 372 372
12 81 259 259
12 82 707 707
12 83 227 227
12 84 216 216
12 85 120 120
12 86 589 589
12 87 250 250
12 88 587 587
12 89 560 560
12 90 670 670
12 91 84 84
12 92 222 222
12 93 733 733
12 94 275 275
12 95 125 125
12 96 721 721
12 97 225 225
12 98 490 490
12 99 214 214
12 100 672 672
13 14 402 402
13 15 141 141
13 16 888 888
13 17 624 624
13 18 623 623
13 19 209 209
13 20 817 817
13 21 252 252
13 22 631 631
13 23 343 343
13 24 854 854
13 25 548 548
13 26 374 374
13 27 797 797
13 28 662 662
13 29 505 505
13 30 859 859
13 31 220 220
13 32 116 116
13 33 197 197
13 34 879 879
13 35 42 42
13 36 375 375
13 37 576 576
13 38 934 934
13 39 935 935
13 40 300 300
13 41 186 186
13 42 138 138
13 43 233 233
13 44 481 481
13 45 79 79
13 46 837 837
13 47 1047 1047
13 48 563 563
13 49 736 736
13 50 823 823
13 51 264 264
13 52 366 366
13 53 628 628
13 54 301 301
13 55 704 704
13 56 735 735
13 57 933 933
13 58 618 618
13 59 61 61
13 60 269 269
13 61 486 486
13 62 451 451
13 63 628 628
13 64 487 487
13 65 437 437
13 66 582 582
13 67 844 844
13 68 573 573
13 69 385 385
13 70 787 787
13 71 843 843
13 72 733 733
13 73 199 199
13 74 1033 1033
13 75 212 212
13 76 500 500
13 77 548 548
13 78 716 716
13 79 253 253
13 80 241 241
13 81 754 754
13 82 664 664
13 83 379 379
13 84 392 392
13 85 576 576
13 86 1042 1042
13 87 740 740
13 88 770 770
13 89 83 83
13 90 521 521
13 91 471 471
13 92 383 383
13 93 663 663
13 94 586 586
13 95 448 448
13 96 280 280
13 97 670 670
13 98 830 830
13 99 735 735
13 100 720 720
14 15 533 533
14 16 604 604
14 17 265 265
14 18 776 776
14 19 270 270
14 20 447 447
14 21 244 244
14 22 352 352
14 23 585 585
14 24 455 455
14 25 198 198
14 26 113 113
14 27 555 555
14 28 799 799
14 29 136 136
14 30 723 723
14 31 561 561
14 32 402 402
14 33 540 540
14 34 504 504
14 35 442 442
14 36 627 627
14 37 184 184
14 38 753 753
14 39 661 661
14 40 363 363
14 41 509 509
14 42 381 381
14 43 330 330
14 44 330 330
14 45 366 366
14 46 452 452
14 47 777 777
14 48 428 428
14 49 416 416
14 50 549 549
14 51 358 358
14 52 454 454
14 53 605 605
14 54 349 349
14 55 733 733
14 56 374 374
14 57 708 708
14 58 685 685
14 59 349 349
14 60 135 135
14 61 122 122
14 62 276 276
14 63 716 716
14 64 640 640
14 65 239 239
14 66 229 229
14 67 597 597
14 68 198 198
14 69 537 537
14 70 399 399
14 71 461 461
14 72 877 877
14 73 443 443
14 74 751 751
14 75 483 483
14 76 105 105
14 77 196 196
14 78 331 331
14 79 446 446
14 80 287 287
14 81 421 421
14 82 713 713
14 83 188 188
14 84 201 201
14 85 174 174
14 86 746 746
14 87 338 338
14 88 630 630
14 89 396 396
14 90 649 649
14 91 99 99
14 92 185 185
14 93 749 749
14 94 243 243
14 95 282 282
14 96 557 557
14 97 269 269
14 98 614 614
14 99 362 362
14 100 688 688
15 16 952 952
15 17 736 736
15 18 526 526
15 19 325 325
15 20 905 905
15 21 321 321
15 22 695 695
15 23 219 219
15 24 962 962
15 25 664 664
15 26 507 507
15 27 834 834
15 28 573 573
15 29 605 605
15 30 858 858
15 31 361 361
15 32 193 193
15 33 338 338
15 34 967 967
15 35 183 183
15 36 276 276
15 37 682 682
15 38 941 941
15 39 974 974
15 40 325 325
15 41 323 323
15 42 152 152
15 43 327 327
15 44 576 576
15 45 211 211
15 46 932 932
15 47 1086 1086
15 48 585 585
15 49 809 809
15 50 872 872
15 51 361 361
15 52 310 310
15 53 650 650
15 54 438 438
15 55 657 657
15 56 823 823
15 57 960 960
15 58 510 510
15 59 202 202
15 60 398 398
15 61 583 583
15 62 563 563
15 63 565 565
15 64 411 411
15 65 515 515
15 66 666 666
15 67 882 882
15 68 691 691
15 69 354 354
15 70 919 919
15 71 936 936
15 72 634 634
15 73 340 340
15 74 1078 1078
15 75 268 268
15 76 638 638
15 77 641 641
15 78 848 848
15 79 369 369
15 80 288 288
15 81 828 828
15 82 615 615
15 83 455 455
15 84 467 467
15 85 691 691
15 86 1091 1091
15 87 860 860
15 88 750 750
15 89 210 210
15 90 456 456
15 91 575 575
15 92 460 460
15 93 602 602
15 94 720 720
15 95 540 540
15 96 335 335
15 97 799 799
15 98 860 860
15 99 828 828
15 100 691 691
16 17 479 479
16 18 810 810
16 19 809 809
16 20 309 309
16 21 649 649
16 22 324 324
16 23 853 853
16 24 453 453
16 25 535 535
16 26 713 713
16 27 249 249
16 28 799 799
16 29 469 469
16 30 338 338
16 31 1099 1099
16 32 923 923
16 33 910 910
16 34 287 287
16 35 929 929
16 36 845 845
16 37 461 461
16 38 260 260
16 39 281 281
16 40 630 630
16 41 1049 1049
16 42 812 812
16 43 663 663
16 44 756 756
16 45 845 845
16 46 372 372
16 47 176 176
16 48 424 424
16 49 272 272
16 50 265 265
16 51 662 662
16 52 721 721
16 53 511 511
16 54 937 937
16 55 596 596
16 56 382 382
16 57 168 168
16 58 701 701
16 59 827 827
16 60 697 697
16 61 482 482
16 62 551 551
16 63 686 686
16 64 745 745
16 65 451 451
16 66 375 375
16 67 201 201
16 68 546 546
16 69 755 755
16 70 695 695
16 71 359 359
16 72 856 856
16 73 831 831
16 74 150 150
16 75 886 886
16 76 621 621
16 77 408 408
16 78 642 642
16 79 1020 1020
16 80 683 683
16 81 285 285
16 82 631 631
16 83 516 516
16 84 503 503
16 85 525 525
16 86 256 256
16 87 580 580
16 88 347 347
16 89 924 924
16 90 742 742
16 91 505 505
16 92 511 511
16 93 668 668
16 94 712 712
16 95 479 479
16 96 1113 1113
16 97 618 618
16 98 149 149
16 99 366 366
16 100 501 501
17 18 898 898
17 19 494 494
17 20 254 254
17 21 431 431
17 22 289 289
17 23 766 766
17 24 231 231
17 25 186 186
17 26 300 300
17 27 479 479
17 28 918 918
17 29 148 148
17 30 699 699
17 31 784 784
17 32 626 626
17 33 750 750
17 34 317 317
17 35 666 666
17 36 787 787
17 37 126 126
17 38 689 689
17 39 545 545
17 40 523 523
17 41 726 726
17 42 584 584
17 43 412 412
17 44 308 308
17 45 583 583
17 46 242 242
17 47 651 651
17 48 468 468
17 49 293 293
17 50 494 494
17 51 530 530
17 52 611 611
17 53 667 667
17 54 533 533
17 55 795 795
17 56 319 319
17 57 622 622
17 58 811 811
17 59 584 584
17 60 361 361
17 61 162 162
17 62 173 173
17 63 818 818
17 64 779 779
17 65 324 324
17 66 182 182
17 67 527 527
17 68 208 208
17 69 697 697
17 70 260 260
17 71 253 253
17 72 996 996
17 73 653 653
17 74 615 615
17 75 697 697
17 76 264 264
17 77 148 148
17 78 192 192
17 79 648 648
17 80 455 455
17 81 279 279
17 82 797 797
17 83 319 319
17 84 308 308
17 85 214 214
17 86 609 609
17 87 157 157
17 88 664 664
17 89 619 619
17 90 764 764
17 91 178 178
17 92 314 314
17 93 825 825
17 94 369 369
17 95 217 217
17 96 768 768
17 97 247 247
17 98 546 546
17 99 308 308
17 100 746 746
18 19 684 684
18 20 930 930
18 21 541 541
18 22 682 682
18 23 307 307
18 24 1076 1076
18 25 867 867
18 26 835 835
18 27 694 694
18 28 237 237
18 29 761 761
18 30 548 548
18 31 813 813
18 32 688 688
18 33 453 453
18 34 985 985
18 35 627 627
18 36 250 250
18 37 836 836
18 38 662 662
18 39 803 803
18 40 419 419
18 41 785 785
18 42 547 547
18 43 599 599
18 44 918 918
18 45 606 606
18 46 983 983
18 47 881 881
18 48 493 493
18 49 782 782
18 50 754 754
18 51 429 429
18 52 328 328
18 53 311 311
18 54 892 892
18 55 244 244
18 56 870 870
18 57 731 731
18 58 179 179
18 59 597 597
18 60 715 715
18 61 750 750
18 62 778 778
18 63 124 124
18 64 136 136
18 65 574 574
18 66 753 753
18 67 719 719
18 68 899 899
18 69 273 273
18 70 1145 1145
18 71 977 977
18 72 304 304
18 73 474 474
18 74 897 897
18 75 511 511
18 76 875 875
18 77 773 773
18 78 1074 1074
18 79 867 867
18 80 565 565
18 81 813 813
18 82 190 190
18 83 593 593
18 84 602 602
18 85 884 884
18 86 924 924
18 87 1054 1054
18 88 475 475
18 89 698 698
18 90 134 134
18 91 755 755
18 92 598 598
18 93 165 165
18 94 1011 1011
18 95 693 693
18 96 860 860
18 97 1015 1015
18 98 667 667
18 99 889 889
18 100 332 332
19 20 704 704
19 21 244 244
19 22 544 544
19 23 417 417
19 24 725 725
19 25 442 442
19 26 383 383
19 27 729 729
19 28 724 724
19 29 386 386
19 30 834 834
19 31 363 363
19 32 132 132
19 33 320 320
19 34 764 764
19 35 177 177
19 36 474 474
19 37 451 451
19 38 888 888
19 39 858 858
19 40 308 308
19 41 262 262
19 42 279 279
19 43 150 150
19 44 387 387
19 45 222 222
19 46 717 717
19 47 975 975
19 48 523 523
19 49 641 641
19 50 746 746
19 51 272 272
19 52 366 366
19 53 631 631
19 54 209 209
19 55 727 727
19 56 623 623
19 57 875 875
19 58 627 627
19 59 238 238
19 60 345 345
19 61 366 366
19 62 389 389
19 63 673 673
19 64 549 549
19 65 368 368
19 66 474 474
19 67 777 777
19 68 450 450
19 69 411 411
19 70 646 646
19 71 724 724
19 72 798 798
19 73 339 339
19 74 957 957
19 75 257 257
19 76 349 349
19 77 440 440
19 78 575 575
19 79 227 227
19 80 193 193
19 81 666 666
19 82 701 701
19 83 303 303
19 84 306 306
19 85 444 444
19 86 965 965
19 87 608 608
19 88 730 730
19 89 126 126
19 90 572 572
19 91 350 350
19 92 298 298
19 93 703 703
19 94 487 487
19 95 395 395
19 96 323 323
19 97 539 539
19 98 771 771
19 99 620 620
19 100 724 724
20 21 584 584
20 22 251 251
20 23 881 881
20 24 180 180
20 25 331 331
20 26 542 542
20 27 383 383
20 28 937 937
20 29 318 318
20 30 586 586
20 31 1002 1002
20 32 834 834
20 33 899 899
20 34 63 63
20 35 859 859
20 36 891 891
20 37 266 266
20 38 525 525
20 39 340 340
20 40 634 634
20 41 947 947
20 42 758 758
20 43 586 586
20 44 561 561
20 45 774 774
20 46 63 63
20 47 427 427
20 48 459 459
20 49 155 155
20 50 317 317
20 51 654 654
20 52 713 713
20 53 647 647
20 54 778 778
20 55 767 767
20 56 82 82
20 57 441 441
20 58 825 825
20 59 757 757
20 60 573 573
20 61 339 339
20 62 390 390
20 63 828 828
20 64 836 836
20 65 431 431
20 66 248 248
20 67 342 342
20 68 329 329
20 69 798 798
20 70 426 426
20 71 50 50
20 72 1007 1007
20 73 804 804
20 74 386 386
20 75 858 858
20 76 424 424
20 77 269 269
20 78 402 402
20 79 884 884
20 80 620 620
20 81 121 121
20 82 787 787
20 83 451 451
20 84 461 461
20 85 309 309
20 86 366 366
20 87 314 314
20 88 546 546
20 89 830 830
20 90 805 805
20 91 355 355
20 92 446 446
20 93 821 821
20 94 476 476
20 95 370 370
20 96 997 997
20 97 398 398
20 98 394 394
20 99 85 85
20 100 683 683
21 22 403 403
21 23 341 341
21 24 650 650
21 25 371 371
21 26 328 328
21 27 546 546
21 28 574 574
21 29 293 293
21 30 632 632
21 31 468 468
21 32 292 292
21 33 449 449
21 34 646 646
21 35 293 293
21 36 398 398
21 37 373 373
21 38 689 689
21 39 684 684
21 40 300 300
21 41 422 422
21 42 269 269
21 43 94 94
21 44 377 377
21 45 210 210
21 46 612 612
21 47 798 798
21 48 324 324
21 49 514 514
21 50 571 571
21 51 264 264
21 52 215 215
21 53 526 526
21 54 394 394
21 55 542 542
21 56 502 502
21 57 699 699
21 58 465 465
21 59 192 192
21 60 203 203
21 61 315 315
21 62 269 269
21 63 520 520
21 64 407 407
21 65 208 208
21 66 355 355
21 67 594 594
21 68 420 420
21 69 399 399
21 70 639 639
21 71 615 615
21 72 652 652
21 73 249 249
21 74 782 782
21 75 274 274
21 76 349 349
21 77 321 321
21 78 571 571
21 79 426 426
21 80 51 51
21 81 510 510
21 82 517 517
21 83 159 159
21 84 146 146
21 85 396 396
21 86 790 790
21 87 570 570
21 88 531 531
21 89 307 307
21 90 421 421
21 91 299 299
21 92 164 164
21 93 561 561
21 94 480 480
21 95 222 222
21 96 491 491
21 97 509 509
21 98 581 581
21 99 508 508
21 100 609 609
22 23 640 640
22 24 399 399
22 25 315 315
22 26 463 463
22 27 224 224
22 28 692 692
22 29 223 223
22 30 411 411
22 31 837 837
22 32 662 662
22 33 680 680
22 34 308 308
22 35 672 672
22 36 641 641
22 37 245 245
22 38 406 406
22 39 318 318
22 40 400 400
22 41 787 787
22 42 558 558
22 43 402 402
22 44 515 515
22 45 587 587
22 46 303 303
22 47 435 435
22 48 394 394
22 49 114 114
22 50 205 205
22 51 436 436
22 52 491 491
22 53 407 407
22 54 683 683
22 55 535 535
22 56 188 188
22 57 361 361
22 58 576 576
22 59 570 570
22 60 434 434
22 61 241 241
22 62 315 315
22 63 579 579
22 64 585 585
22 65 195 195
22 66 139 139
22 67 250 250
22 68 337 337
22 69 571 571
22 70 546 546
22 71 297 297
22 72 759 759
22 73 587 587
22 74 413 413
22 75 644 644
22 76 388 388
22 77 167 167
22 78 481 481
22 79 766 766
22 80 426 426
22 81 142 142
22 82 545 545
22 83 252 252
22 84 257 257
22 85 313 313
22 86 424 424
22 87 434 434
22 88 381 381
22 89 663 663
22 90 635 635
22 91 253 253
22 92 249 249
22 93 578 578
22 94 499 499
22 95 268 268
22 96 851 851
22 97 436 436
22 98 266 266
22 99 212 212
22 100 457 457
23 24 977 977
23 25 712 712
23 26 617 617
23 27 732 732
23 28 354 354
23 29 625 625
23 30 700 700
23 31 563 563
23 32 403 403
23 33 146 146
23 34 944 944
23 35 385 385
23 36 57 57
23 37 706 706
23 38 797 797
23 39 871 871
23 40 268 268
23 41 478 478
23 42 371 371
23 43 382 382
23 44 693 693
23 45 320 320
23 46 920 920
23 47 980 980
23 48 477 477
23 49 754 754
23 50 786 786
23 51 236 236
23 52 177 177
23 53 431 431
23 54 626 626
23 55 461 461
23 56 808 808
23 57 834 834
23 58 299 299
23 59 338 338
23 60 492 492
23 61 604 604
23 62 610 610
23 63 354 354
23 64 304 304
23 65 467 467
23 66 655 655
23 67 775 775
23 68 742 742
23 69 150 150
23 70 979 979
23 71 919 919
23 72 415 415
23 73 351 351
23 74 975 975
23 75 388 388
23 76 690 690
23 77 642 642
23 78 912 912
23 79 573 573
23 80 340 340
23 81 782 782
23 82 407 407
23 83 469 469
23 84 462 462
23 85 735 735
23 86 993 993
23 87 910 910
23 88 597 597
23 89 403 403
23 90 248 248
23 91 605 605
23 92 474 474
23 93 395 395
23 94 815 815
23 95 551 551
23 96 553 553
23 97 850 850
23 98 752 752
23 99 813 813
23 100 509 509
24 25 310 310
24 26 525 525
24 27 537 537
24 28 1079 1079
24 29 358 358
24 30 755 755
24 31 1012 1012
24 32 857 857
24 33 969 969
24 34 218 218
24 35 895 895
24 36 991 991
24 37 280 280
24 38 705 705
24 39 517 517
24 40 728 728
24 41 954 954
24 42 811 811
24 43 635 635
24 44 539 539
24 45 814 814
24 46 243 243
24 47 593 593
24 48 603 603
24 49 335 335
24 50 463 463
24 51 741 741
24 52 810 810
24 53 801 801
24 54 754 754
24 55 925 925
24 56 211 211
24 57 620 620
24 58 964 964
24 59 798 798
24 60 590 590
24 61 380 380
24 62 404 404
24 63 972 972
24 64 962 962
24 65 513 513
24 66 350 350
24 67 522 522
24 68 292 292
24 69 898 898
24 70 491 491
24 71 135 135
24 72 1152 1152
24 73 871 871
24 74 566 566
24 75 920 920
24 76 391 391
24 77 335 335
24 78 423 423
24 79 868 868
24 80 676 676
24 81 292 292
24 82 939 939
24 83 527 527
24 84 520 520
24 85 282 282
24 86 531 531
24 87 388 388
24 88 719 719
24 89 849 849
24 90 951 951
24 91 388 388
24 92 522 522
24 93 972 972
24 94 387 387
24 95 429 429
24 96 993 993
24 97 409 409
24 98 570 570
24 99 187 187
24 100 847 847
25 26 266 266
25 27 518 518
25 28 890 890
25 29 136 136
25 30 723 723
25 31 702 702
25 32 548 548
25 33 680 680
25 34 382 382
25 35 588 588
25 36 737 737
25 37 120 120
25 38 720 720
25 39 600 600
25 40 476 476
25 41 654 654
25 42 512 512
25 43 342 342
25 44 231 231
25 45 511 511
25 46 364 364
25 47 710 710
25 48 463 463
25 49 345 345
25 50 495 495
25 51 478 478
25 52 567 567
25 53 665 665
25 54 451 451
25 55 792 792
25 56 264 264
25 57 666 666
25 58 775 775
25 59 494 494
25 60 280 280
25 61 137 137
25 62 103 103
25 63 796 796
25 64 742 742
25 65 299 299
25 66 185 185
25 67 553 553
25 68 52 52
25 69 650 650
25 70 278 278
25 71 338 338
25 72 968 968
25 73 582 582
25 74 677 677
25 75 626 626
25 76 93 93
25 77 151 151
25 78 210 210
25 79 570 570
25 80 385 385
25 81 351 351
25 82 782 782
25 83 275 275
25 84 266 266
25 85 28 28
25 86 667 667
25 87 199 199
25 88 645 645
25 89 562 562
25 90 739 739
25 91 113 113
25 92 270 270
25 93 809 809
25 94 184 184
25 95 178 178
25 96 685 685
25 97 148 148
25 98 581 581
25 99 257 257
25 100 743 743
26 27 667 667
26 28 866 866
26 29 245 245
26 30 831 831
26 31 495 495
26 32 393 393
26 33 541 541
26 34 600 600
26 35 408 408
26 36 651 651
26 37 292 292
26 38 855 855
26 39 773 773
26 40 428 428
26 41 437 437
26 42 365 365
26 43 236 236
26 44 443 443
26 45 356 356
26 46 540 540
26 47 889 889
26 48 531 531
26 49 526 526
26 50 662 662
26 51 406 406
26 52 508 508
26 53 699 699
26 54 236 236
26 55 827 827
26 56 469 469
26 57 820 820
26 58 755 755
26 59 374 374
26 60 125 125
26 61 234 234
26 62 163 163
26 63 801 801
26 64 699 699
26 65 341 341
26 66 339 339
26 67 709 709
26 68 267 267
26 69 577 577
26 70 416 416
26 71 550 550
26 72 944 944
26 73 475 475
26 74 861 861
26 75 481 481
26 76 218 218
26 77 305 305
26 78 345 345
26 79 348 348
26 80 277 277
26 81 528 528
26 82 796 796
26 83 284 284
26 84 297 297
26 85 243 243
26 86 856 856
26 87 418 418
26 88 736 736
26 89 457 457
26 90 706 706
26 91 210 210
26 92 279 279
26 93 826 826
26 94 213 213
26 95 246 246
26 96 473 473
26 97 382 382
26 98 720 720
26 99 472 472
26 100 783 783
27 28 677 677
27 29 431 431
27 30 245 245
27 31 1011 1011
27 32 837 837
27 33 801 801
27 34 414 414
27 35 839 839
27 36 719 719
27 37 455 455
27 38 247 247
27 39 144 144
27 40 586 586
27 41 966 966
27 42 716 716
27 43 589 589
27 44 723 723
27 45 755 755
27 46 437 437
27 47 262 262
27 48 255 255
27 49 266 266
27 50 118 118
27 51 556 556
27 52 559 559
27 53 391 391
27 54 878 878
27 55 475 475
27 56 368 368
27 57 153 153
27 58 595 595
27 59 738 738
27 60 637 637
27 61 437 437
27 62 536 536
27 63 578 578
27 64 628 628
27 65 367 367
27 66 363 363
27 67 48 48
27 68 535 535
27 69 631 631
27 70 721 721
27 71 433 433
27 72 732 732
27 73 724 724
27 74 245 245
27 75 781 781
27 76 594 594
27 77 374 374
27 78 661 661
27 79 952 952
27 80 596 596
27 81 271 271
27 82 527 527
27 83 435 435
27 84 429 429
27 85 519 519
27 86 267 267
27 87 605 605
27 88 263 263
27 89 849 849
27 90 575 575
27 91 461 461
27 92 435 435
27 93 544 544
27 94 701 701
27 95 432 432
27 96 1032 1032
27 97 625 625
27 98 100 100
27 99 384 384
27 100 417 417
28 29 782 782
28 30 526 526
28 31 859 859
28 32 727 727
28 33 500 500
28 34 989 989
28 35 673 673
28 36 361 361
28 37 855 855
28 38 641 641
28 39 792 792
28 40 446 446
28 41 829 829
28 42 589 589
28 43 634 634
28 44 950 950
28 45 648 648
28 46 995 995
28 47 865 865
28 48 482 482
28 49 786 786
28 50 742 742
28 51 464 464
28 52 366 366
28 53 300 300
28 54 932 932
28 55 216 216
28 56 877 877
28 57 714 714
28 58 168 168
28 59 639 639
28 60 749 749
28 61 767 767
28 62 803 803
28 63 113 113
28 64 175 175
28 65 594 594
28 66 779 779
28 67 711 711
28 68 921 921
28 69 315 315
28 70 1167 1167
28 71 984 984
28 72 78 78
28 73 516 516
28 74 882 882
28 75 540 540
28 76 901 901
28 77 770 770
28 78 1096 1096
28 79 912 912
28 80 600 600
28 81 820 820
28 82 270 270
28 83 618 618
28 84 626 626
28 85 906 906
28 86 911 911
28 87 1073 1073
28 88 461 461
28 89 742 742
28 90 160 160
28 91 778 778
28 92 623 623
28 93 133 133
28 94 1038 1038
28 95 712 712
28 96 905 905
28 97 1038 1038
28 98 659 659
28 99 899 899
28 100 312 312
29 30 621 621
29 31 684 684
29 32 517 517
29 33 611 611
29 34 381 381
29 35 546 546
29 36 645 645
29 37 82 82
29 38 629 629
29 39 530 530
29 40 381 381
29 41 629 629
29 42 454 454
29 43 279 279
29 44 292 292
29 45 462 462
29 46 339 339
29 47 644 644
29 48 352 352
29 49 281 281
29 50 428 428
29 51 389 389
29 52 469 469
29 53 554 554
29 54 481 481
29 55 674 674
29 56 238 238
29 57 583 583
29 58 665 665
29 59 446 446
29 60 255 255
29 61 22 22
29 62 158 158
29 63 694 694
29 64 640 640
29 65 188 188
29 66 95 95
29 67 473 473
29 68 148 148
29 69 555 555
29 70 385 385
29 71 356 356
29 72 859 859
29 73 513 513
29 74 617 617
29 75 562 562
29 76 165 165
29 77 61 61
29 78 325 325
29 79 571 571
29 80 318 318
29 81 287 287
29 82 674 674
29 83 179 179
29 84 166 166
29 85 124 124
29 86 611 611
29 87 299 299
29 88 538 538
29 89 512 512
29 90 627 627
29 91 38 38
29 92 174 174
29 93 698 698
29 94 303 303
29 95 162 162
29 96 680 680
29 97 265 265
29 98 486 486
29 99 248 248
29 100 620 620
30 31 1079 1079
30 32 913 913
30 33 810 810
30 34 608 608
30 35 894 894
30 36 677 677
30 37 655 655
30 38 300 300
30 39 315 315
30 40 632 632
30 41 1043 1043
30 42 774 774
30 43 684 684
30 44 899 899
30 45 828 828
30 46 640 640
30 47 353 353
30 48 311 311
30 49 448 448
30 50 311 311
30 51 596 596
30 52 559 559
30 53 309 309
30 54 1014 1014
30 55 310 310
30 56 557 557
30 57 202 202
30 58 461 461
30 59 818 818
30 60 765 765
30 61 620 620
30 62 689 689
30 63 424 424
30 64 537 537
30 65 494 494
30 66 548 548
30 67 245 245
30 68 745 745
30 69 602 602
30 70 952 952
30 71 627 627
30 72 582 582
30 73 753 753
30 74 429 429
30 75 806 806
30 76 786 786
30 77 572 572
30 78 888 888
30 79 1058 1058
30 80 683 683
30 81 465 465
30 82 359 359
30 83 562 562
30 84 556 556
30 85 722 722
30 86 433 433
30 87 837 837
30 88 110 110
30 89 922 922
30 90 518 518
30 91 643 643
30 92 561 561
30 93 394 394
30 94 907 907
30 95 589 589
30 96 1117 1117
30 97 847 847
30 98 195 195
30 99 581 581
30 100 216 216
31 32 260 260
31 33 417 417
31 34 1062 1062
31 35 186 186
31 36 595 595
31 37 745 745
31 38 1153 1153
31 39 1144 1144
31 40 519 519
31 41 327 327
31 42 353 353
31 43 448 448
31 44 532 532
31 45 294 294
31 46 1013 1013
31 47 1261 1261
31 48 783 783
31 49 937 937
31 50 1036 1036
31 51 484 484
31 52 543 543
31 53 843 843
31 54 311 311
31 55 916 916
31 56 921 921
31 57 1151 1151
31 58 782 782
31 59 276 276
31 60 430 430
31 61 664 664
31 62 617 617
31 63 834 834
31 64 688 688
31 65 652 652
31 66 769 769
31 67 1059 1059
31 68 725 725
31 69 549 549
31 70 880 880
31 71 1021 1021
31 72 899 899
31 73 348 348
31 74 1246 1246
31 75 427 427
31 76 624 624
31 77 735 735
31 78 834 834
31 79 188 188
31 80 432 432
31 81 952 952
31 82 867 867
31 83 585 585
31 84 598 598
31 85 730 730
31 86 1252 1252
31 87 868 868
31 88 970 970
31 89 275 275
31 90 716 716
31 91 660 660
31 92 588 588
31 93 863 863
31 94 687 687
31 95 649 649
31 96 81 81
31 97 782 782
31 98 1048 1048
31 99 918 918
31 100 935 935
32 33 257 257
32 34 894 894
32 35 74 74
32 36 454 454
32 37 583 583
32 38 981 981
32 39 972 972
32 40 357 357
32 41 130 130
32 42 147 147
32 43 278 278
32 44 463 463
32 45 90 90
32 46 848 848
32 47 1089 1089
32 48 613 613
32 49 763 763
32 50 859 859
32 51 322 322
32 52 395 395
32 53 688 688
32 54 245 245
32 55 768 768
32 56 755 755
32 57 981 981
32 58 648 648
32 59 106 106
32 60 268 268
32 61 498 498
32 62 456 456
32 63 695 695
32 64 554 554
32 65 478 478
32 66 599 599
32 67 885 885
32 68 572 572
32 69 415 415
32 70 774 774
32 71 855 855
32 72 802 802
32 73 214 214
32 74 1070 1070
32 75 257 257
32 76 481 481
32 77 565 565
32 78 706 706
32 79 186 186
32 80 252 252
32 81 779 779
32 82 729 729
32 83 410 410
32 84 423 423
32 85 575 575
32 86 1077 1077
32 87 734 734
32 88 804 804
32 89 65 65
32 90 588 588
32 91 481 481
32 92 415 415
32 93 729 729
32 94 563 563
32 95 467 467
32 96 204 204
32 97 644 644
32 98 873 873
32 99 752 752
32 100 781 781
33 34 962 962
33 35 239 239
33 36 203 203
33 37 690 690
33 38 895 895
33 39 941 941
33 40 280 280
33 41 383 383
33 42 335 335
33 43 421 421
33 44 616 616
33 45 276 276
33 46 930 930
33 47 1058 1058
33 48 573 573
33 49 789 789
33 50 843 843
33 51 251 251
33 52 269 269
33 53 550 550
33 54 498 498
33 55 598 598
33 56 836 836
33 57 920 920
33 58 445 445
33 59 258 258
33 60 422 422
33 61 589 589
33 62 577 577
33 63 500 500
33 64 445 445
33 65 499 499
33 66 673 673
33 67 847 847
33 68 726 726
33 69 215 215
33 70 931 931
33 71 935 935
33 72 560 560
33 73 396 396
33 74 1046 1046
33 75 409 409
33 76 638 638
33 77 640 640
33 78 869 869
33 79 439 439
33 80 438 438
33 81 814 814
33 82 544 544
33 83 475 475
33 84 462 462
33 85 706 706
33 86 1061 1061
33 87 878 878
33 88 700 700
33 89 280 280
33 90 392 392
33 91 584 584
33 92 480 480
33 93 539 539
33 94 753 753
33 95 553 553
33 96 409 409
33 97 807 807
33 98 833 833
33 99 827 827
33 100 632 632
34 35 921 921
34 36 947 947
34 37 321 321
34 38 545 545
34 39 348 348
34 40 697 697
34 41 1006 1006
34 42 821 821
34 43 648 648
34 44 613 613
34 45 836 836
34 46 126 126
34 47 420 420
34 48 513 513
34 49 205 205
34 50 298 298
34 51 717 717
34 52 770 770
34 53 697 697
34 54 833 833
34 55 819 819
34 56 145 145
34 57 455 455
34 58 879 879
34 59 819 819
34 60 632 632
34 61 398 398
34 62 448 448
34 63 878 878
34 64 893 893
34 65 483 483
34 66 307 307
34 67 366 366
34 68 376 376
34 69 854 854
34 70 442 442
34 71 113 113
34 72 1058 1058
34 73 867 867
34 74 377 377
34 75 920 920
34 76 475 475
34 77 331 331
34 78 439 439
34 79 942 942
34 80 682 682
34 81 172 172
34 82 836 836
34 83 514 514
34 84 507 507
34 85 357 357
34 86 429 429
34 87 377 377
34 88 586 586
34 89 890 890
34 90 862 862
34 91 414 414
34 92 509 509
34 93 871 871
34 94 539 539
34 95 432 432
34 96 1055 1055
34 97 461 461
34 98 414 414
34 99 144 144
34 100 727 727
35 36 417 417
35 37 618 618
35 38 968 968
35 39 974 974
35 40 334 334
35 41 204 204
35 42 180 180
35 43 275 275
35 44 470 470
35 45 121 121
35 46 878 878
35 47 1087 1087
35 48 600 600
35 49 778 778
35 50 864 864
35 51 298 298
35 52 357 357
35 53 657 657
35 54 314 314
35 55 730 730
35 56 777 777
35 57 975 975
35 58 596 596
35 59 103 103
35 60 308 308
35 61 528 528
35 62 493 493
35 63 648 648
35 64 502 502
35 65 478 478
35 66 624 624
35 67 886 886
35 68 612 612
35 69 363 363
35 70 808 808
35 71 885 885
35 72 750 750
35 73 162 162
35 74 1075 1075
35 75 254 254
35 76 526 526
35 77 590 590
35 78 752 752
35 79 259 259
35 80 246 246
35 81 796 796
35 82 692 692
35 83 421 421
35 84 433 433
35 85 616 616
35 86 1082 1082
35 87 780 780
35 88 784 784
35 89 89 89
35 90 540 540
35 91 513 513
35 92 425 425
35 93 687 687
35 94 619 619
35 95 490 490
35 96 250 250
35 97 711 711
35 98 872 872
35 99 777 777
35 100 749 749
36 37 725 725
36 38 790 790
36 39 854 854
36 40 264 264
36 41 535 535
36 42 318 318
36 43 419 419
36 44 738 738
36 45 372 372
36 46 928 928
36 47 954 954
36 48 470 470
36 49 754 754
36 50 776 776
36 51 293 293
36 52 234 234
36 53 428 428
36 54 666 666
36 55 414 414
36 56 811 811
36 57 823 823
36 58 248 248
36 59 390 390
36 60 526 526
36 61 625 625
36 62 637 637
36 63 302 302
36 64 257 257
36 65 478 478
36 66 668 668
36 67 758 758
36 68 768 768
36 69 93 93
36 70 1008 1008
36 71 936 936
36 72 358 358
36 73 294 294
36 74 957 957
36 75 331 331
36 76 719 719
36 77 656 656
36 78 940 940
36 79 627 627
36 80 397 397
36 81 783 783
36 82 360 360
36 83 468 468
36 84 481 481
36 85 759 759
36 86 977 977
36 87 934 934
36 88 567 567
36 89 457 457
36 90 201 201
36 91 627 627
36 92 473 473
36 93 343 343
36 94 849 849
36 95 570 570
36 96 610 610
36 97 884 884
36 98 724 724
36 99 822 822
36 100 493 493
37 38 648 648
37 39 526 526
37 40 461 461
37 41 689 689
37 42 535 535
37 43 359 359
37 44 302 302
37 45 541 541
37 46 268 268
37 47 635 635
37 48 409 409
37 49 271 271
37 50 419 419
37 51 470 470
37 52 549 549
37 53 611 611
37 54 512 512
37 55 737 737
37 56 193 193
37 57 592 592
37 58 738 738
37 59 525 525
37 60 317 317
37 61 104 104
37 62 129 129
37 63 763 763
37 64 717 717
37 65 262 262
37 66 107 107
37 67 479 479
37 68 144 144
37 69 635 635
37 70 334 334
37 71 277 277
37 72 932 932
37 73 595 595
37 74 603 603
37 75 644 644
37 76 164 164
37 77 93 93
37 78 309 309
37 79 630 630
37 80 400 400
37 81 284 284
37 82 739 739
37 83 257 257
37 84 247 247
37 85 148 148
37 86 593 593
37 87 218 218
37 88 581 581
37 89 577 577
37 90 702 702
37 91 112 112
37 92 252 252
37 93 765 765
37 94 302 302
37 95 156 156
37 96 735 735
37 97 257 257
37 98 507 507
37 99 182 182
37 100 676 676
38 39 211 211
38 40 634 634
38 41 1108 1108
38 42 844 844
38 43 738 738
38 44 916 916
38 45 891 891
38 46 586 586
38 47 235 235
38 48 422 422
38 49 399 399
38 50 253 253
38 51 670 670
38 52 725 725
38 53 509 509
38 54 1053 1053
38 55 425 425
38 56 522 522
38 57 98 98
38 58 571 571
38 59 881 881
38 60 804 804
38 61 631 631
38 62 713 713
38 63 538 538
38 64 644 644
38 65 531 531
38 66 545 545
38 67 199 199
38 68 739 739
38 69 697 697
38 70 925 925
38 71 575 575
38 72 683 683
38 73 832 832
38 74 381 381
38 75 888 888
38 76 793 793
38 77 573 573
38 78 866 866
38 79 1111 1111
38 80 740 740
38 81 426 426
38 82 479 479
38 83 599 599
38 84 593 593
38 85 715 715
38 86 299 299
38 87 810 810
38 88 354 354
38 89 992 992
38 90 638 638
38 91 655 655
38 92 599 599
38 93 509 509
38 94 904 904
38 95 609 609
38 96 1180 1180
38 97 831 831
38 98 147 147
38 99 546 546
38 100 508 508
39 40 663 663
39 41 1098 1098
39 42 856 856
39 43 711 711
39 44 819 819
39 45 889 889
39 46 398 398
39 47 118 118
39 48 399 399
39 49 255 255
39 50 113 113
39 51 695 695
39 52 700 700
39 53 510 510
39 54 993 993
39 55 584 584
39 56 359 359
39 57 113 113
39 58 706 706
39 59 876 876
39 60 752 752
39 61 539 539
39 62 618 618
39 63 684 684
39 64 762 762
39 65 500 500
39 66 457 457
39 67 96 96
39 68 614 614
39 69 771 771
39 70 762 762
39 71 390 390
39 72 845 845
39 73 863 863
39 74 296 296
39 75 921 921
39 76 685 685
39 77 485 485
39 78 709 709
39 79 1073 1073
39 80 728 728
39 81 350 350
39 82 632 632
39 83 562 562
39 84 552 552
39 85 590 590
39 86 123 123
39 87 647 647
39 88 333 333
39 89 972 972
39 90 706 706
39 91 563 563
39 92 561 561
39 93 660 660
39 94 776 776
39 95 536 536
39 96 1162 1162
39 97 697 697
39 98 148 148
39 99 381 381
39 100 487 487
40 41 485 485
40 42 214 214
40 43 206 206
40 44 526 526
40 45 267 267
40 46 672 672
40 47 781 781
40 48 395 395
40 49 514 514
40 50 564 564
40 51 36 36
40 52 91 91
40 53 333 333
40 54 517 517
40 55 461 461
40 56 556 556
40 57 683 683
40 58 395 395
40 59 285 285
40 60 303 303
40 61 361 361
40 62 378 378
40 63 398 398
40 64 283 283
40 65 219 219
40 66 407 407
40 67 570 570
40 68 509 509
40 69 174 174
40 70 750 750
40 71 672 672
40 72 523 523
40 73 201 201
40 74 768 768
40 75 259 259
40 76 467 467
40 77 393 393
40 78 681 681
40 79 520 520
40 80 249 249
40 81 540 540
40 82 426 426
40 83 204 204
40 84 217 217
40 85 497 497
40 86 781 781
40 87 672 672
40 88 540 540
40 89 367 367
40 90 286 286
40 91 365 365
40 92 209 209
40 93 404 404
40 94 605 605
40 95 306 306
40 96 561 561
40 97 620 620
40 98 618 618
40 99 565 565
40 100 426 426
41 42 272 272
41 43 408 408
41 44 474 474
41 45 220 220
41 46 957 957
41 47 1216 1216
41 48 742 742
41 49 885 885
41 50 987 987
41 51 450 450
41 52 516 516
41 53 814 814
41 54 256 256
41 55 888 888
41 56 866 866
41 57 1107 1107
41 58 755 755
41 59 236 236
41 60 374 374
41 61 609 609
41 62 562 562
41 63 808 808
41 64 661 661
41 65 600 600
41 66 711 711
41 67 1014 1014
41 68 663 663
41 69 522 522
41 70 832 832
41 71 966 966
41 72 893 893
41 73 322 322
41 74 1198 1198
41 75 387 387
41 76 566 566
41 77 681 681
41 78 776 776
41 79 139 139
41 80 371 371
41 81 899 899
41 82 847 847
41 83 536 536
41 84 547 547
41 85 672 672
41 86 1203 1203
41 87 813 813
41 88 934 934
41 89 195 195
41 90 699 699
41 91 608 608
41 92 539 539
41 93 844 844
41 94 629 629
41 95 585 585
41 96 272 272
41 97 723 723
41 98 1003 1003
41 99 862 862
41 100 906 906
42 43 249 249
42 44 535 535
42 45 59 59
42 46 783 783
42 47 968 968
42 48 552 552
42 49 667 667
42 50 746 746
42 51 250 250
42 52 248 248
42 53 547 547
42 54 348 348
42 55 621 621
42 56 692 692
42 57 851 851
42 58 504 504
42 59 77 77
42 60 246 246
42 61 476 476
42 62 411 411
42 63 552 552
42 64 425 425
42 65 363 363
42 66 525 525
42 67 764 764
42 68 539 539
42 69 274 274
42 70 767 767
42 71 786 786
42 72 661 661
42 73 200 200
42 74 956 956
42 75 116 116
42 76 486 486
42 77 491 491
42 78 696 696
42 79 324 324
42 80 221 221
42 81 700 700
42 82 583 583
42 83 395 395
42 84 408 408
42 85 539 539
42 86 965 965
42 87 708 708
42 88 664 664
42 89 159 159
42 90 445 445
42 91 480 480
42 92 398 398
42 93 585 585
42 94 576 576
42 95 390 390
42 96 351 351
42 97 650 650
42 98 758 758
42 99 678 678
42 100 635 635
43 44 320 320
43 45 190 190
43 46 608 608
43 47 828 828
43 48 373 373
43 49 516 516
43 50 607 607
43 51 170 170
43 52 272 272
43 53 497 497
43 54 359 359
43 55 625 625
43 56 514 514
43 57 742 742
43 58 529 529
43 59 172 172
43 60 195 195
43 61 257 257
43 62 239 239
43 63 565 565
43 64 463 463
43 65 275 275
43 66 351 351
43 67 636 636
43 68 371 371
43 69 341 341
43 70 599 599
43 71 612 612
43 72 711 711
43 73 241 241
43 74 811 811
43 75 285 285
43 76 392 392
43 77 317 317
43 78 534 534
43 79 376 376
43 80 43 43
43 81 543 543
43 82 607 607
43 83 243 243
43 84 230 230
43 85 368 368
43 86 826 826
43 87 539 539
43 88 580 580
43 89 261 261
43 90 478 478
43 91 248 248
43 92 248 248
43 93 590 590
43 94 433 433
43 95 295 295
43 96 452 452
43 97 472 472
43 98 622 622
43 99 504 504
43 100 589 589
44 45 497 497
44 46 550 550
44 47 932 932
44 48 608 608
44 49 566 566
44 50 712 712
44 51 490 490
44 52 592 592
44 53 776 776
44 54 271 271
44 55 895 895
44 56 495 495
44 57 875 875
44 58 842 842
44 59 492 492
44 60 465 465
44 61 286 286
44 62 334 334
44 63 874 874
44 64 783 783
44 65 420 420
44 66 383 383
44 67 763 763
44 68 283 283
44 69 660 660
44 70 375 375
44 71 561 561
44 72 1028 1028
44 73 561 561
44 74 902 902
44 75 605 605
44 76 324 324
44 77 351 351
44 78 304 304
44 79 386 386
44 80 363 363
44 81 564 564
44 82 884 884
44 83 359 359
44 84 358 358
44 85 259 259
44 86 894 894
44 87 345 345
44 88 815 815
44 89 398 398
44 90 798 798
44 91 310 310
44 92 364 364
44 93 909 909
44 94 284 284
44 95 409 409
44 96 496 496
44 97 256 256
44 98 777 777
44 99 484 484
44 100 861 861
45 46 794 794
45 47 1007 1007
45 48 524 524
45 49 692 692
45 50 781 781
45 51 232 232
45 52 307 307
45 53 598 598
45 54 317 317
45 55 680 680
45 56 692 692
45 57 893 893
45 58 563 563
45 59 18 18
45 60 231 231
45 61 441 441
45 62 419 419
45 63 610 610
45 64 483 483
45 65 394 394
45 66 532 532
45 67 802 802
45 68 535 535
45 69 333 333
45 70 746 746
45 71 800 800
45 72 718 718
45 73 141 141
45 74 992 992
45 75 169 169
45 76 457 457
45 77 505 505
45 78 681 681
45 79 271 271
45 80 162 162
45 81 711 711
45 82 642 642
45 83 336 336
45 84 349 349
45 85 536 536
45 86 999 999
45 87 697 697
45 88 723 723
45 89 101 101
45 90 504 504
45 91 438 438
45 92 339 339
45 93 644 644
45 94 562 562
45 95 406 406
45 96 294 294
45 97 627 627
45 98 789 789
45 99 692 692
45 100 691 691
46 47 490 490
46 48 513 513
46 49 218 218
46 50 380 380
46 51 690 690
46 52 748 748
46 53 704 704
46 54 775 775
46 55 826 826
46 56 118 118
46 57 501 501
46 58 878 878
46 59 778 778
46 60 585 585
46 61 353 353
46 62 397 397
46 63 882 882
46 64 886 886
46 65 453 453
46 66 269 269
46 67 404 404
46 68 316 316
46 69 835 835
46 70 410 410
46 71 113 113
46 72 1061 1061
46 73 834 834
46 74 449 449
46 75 886 886
46 76 417 417
46 77 294 294
46 78 339 339
46 79 888 888
46 80 645 645
46 81 182 182
46 82 844 844
46 83 481 481
46 84 486 486
46 85 336 336
46 86 429 429
46 87 374 374
46 88 608 608
46 89 843 843
46 90 856 856
46 91 367 367
46 92 476 476
46 93 878 878
46 94 482 482
46 95 395 395
46 96 1003 1003
46 97 335 335
46 98 449 449
46 99 107 107
46 100 743 743
47 48 503 503
47 49 366 366
47 50 230 230
47 51 807 807
47 52 807 807
47 53 592 592
47 54 1111 1111
47 55 651 651
47 56 459 459
47 57 151 151
47 58 785 785
47 59 990 990
47 60 869 869
47 61 655 655
47 62 727 727
47 63 758 758
47 64 845 845
47 65 617 617
47 66 551 551
47 67 214 214
47 68 719 719
47 69 873 873
47 70 853 853
47 71 461 461
47 72 912 912
47 73 975 975
47 74 326 326
47 75 1033 1033
47 76 797 797
47 77 584 584
47 78 810 810
47 79 1191 1191
47 80 846 846
47 81 372 372
47 82 695 695
47 83 680 680
47 84 670 670
47 85 696 696
47 86 80 80
47 87 740 740
47 88 407 407
47 89 1088 1088
47 90 805 805
47 91 679 679
47 92 678 678
47 93 732 732
47 94 882 882
47 95 653 653
47 96 1280 1280
47 97 794 794
47 98 230 230
47 99 483 483
47 100 561 561
48 49 308 308
48 50 373 373
48 51 406 406
48 52 304 304
48 53 202 202
48 54 708 708
48 55 330 330
48 56 398 398
48 57 408 408
48 58 406 406
48 59 507 507
48 60 460 460
48 61 374 374
48 62 434 434
48 63 369 369
48 64 496 496
48 65 312 312
48 66 354 354
48 67 303 303
48 68 493 493
48 69 377 377
48 70 727 727
48 71 506 506
48 72 549 549
48 73 504 504
48 74 500 500
48 75 598 598
48 76 507 507
48 77 320 320
48 78 658 658
48 79 749 749
48 80 375 375
48 81 342 342
48 82 384 384
48 83 259 259
48 84 250 250
48 85 471 471
48 86 517 517
48 87 625 625
48 88 207 207
48 89 622 622
48 90 510 510
48 91 363 363
48 92 254 254
48 93 376 376
48 94 639 639
48 95 341 341
48 96 815 815
48 97 604 604
48 98 275 275
48 99 417 417
48 100 295 295
49 50 231 231
49 51 550 550
49 52 596 596
49 53 492 492
49 54 753 753
49 55 619 619
49 56 192 192
49 57 330 330
49 58 676 676
49 59 675 675
49 60 522 522
49 61 294 294
49 62 363 363
49 63 673 673
49 64 691 691
49 65 306 306
49 66 253 253
49 67 294 294
49 68 359 359
49 69 661 661
49 70 537 537
49 71 205 205
49 72 853 853
49 73 700 700
49 74 422 422
49 75 755 755
49 76 431 431
49 77 281 281
49 78 467 467
49 79 845 845
49 80 532 532
49 81 95 95
49 82 632 632
49 83 358 358
49 84 368 368
49 85 335 335
49 86 330 330
49 87 422 422
49 88 393 393
49 89 762 762
49 90 657 657
49 91 317 317
49 92 353 353
49 93 666 666
49 94 521 521
49 95 303 303
49 96 955 955
49 97 442 442
49 98 253 253
49 99 216 216
49 100 528 528
50 51 595 595
50 52 655 655
50 53 443 443
50 54 881 881
50 55 546 546
50 56 269 269
50 57 183 183
50 58 647 647
50 59 763 763
50 60 639 639
50 61 446 446
50 62 520 520
50 63 630 630
50 64 708 708
50 65 387 387
50 66 344 344
50 67 70 70
50 68 508 508
50 69 683 683
50 70 676 676
50 71 367 367
50 72 802 802
50 73 762 762
50 74 211 211
50 75 821 821
50 76 577 577
50 77 372 372
50 78 620 620
50 79 965 965
50 80 619 619
50 81 244 244
50 82 577 577
50 83 451 451
50 84 449 449
50 85 484 484
50 86 219 219
50 87 560 560
50 88 301 301
50 89 861 861
50 90 682 682
50 91 458 458
50 92 448 448
50 93 614 614
50 94 673 673
50 95 423 423
50 96 1050 1050
50 97 591 591
50 98 116 116
50 99 293 293
50 100 452 452
51 52 102 102
51 53 369 369
51 54 481 481
51 55 475 475
51 56 592 592
51 57 709 709
51 58 359 359
51 59 250 250
51 60 286 286
51 61 368 368
51 62 409 409
51 63 402 402
51 64 293 293
51 65 255 255
51 66 422 422
51 67 603 603
51 68 509 509
51 69 210 210
51 70 750 750
51 71 701 701
51 72 541 541
51 73 237 237
51 74 800 800
51 75 226 226
51 76 463 463
51 77 406 406
51 78 681 681
51 79 487 487
51 80 213 213
51 81 576 576
51 82 437 437
51 83 239 239
51 84 226 226
51 85 501 501
51 86 814 814
51 87 676 676
51 88 551 551
51 89 332 332
51 90 308 308
51 91 369 369
51 92 244 244
51 93 431 431
51 94 601 601
51 95 317 317
51 96 525 525
51 97 620 620
51 98 582 582
51 99 583 583
51 100 460 460
52 53 424 424
52 54 575 575
52 55 373 373
52 56 631 631
52 57 671 671
52 58 362 362
52 59 325 325
52 60 387 387
52 61 449 449
52 62 468 468
52 63 307 307
52 64 192 192
52 65 297 297
52 66 498 498
52 67 607 607
52 68 597 597
52 69 184 184
52 70 841 841
52 71 747 747
52 72 439 439
52 73 200 200
52 74 804 804
52 75 328 328
52 76 558 558
52 77 477 477
52 78 771 771
52 79 570 570
52 80 238 238
52 81 606 606
52 82 335 335
52 83 292 292
52 84 303 303
52 85 587 587
52 86 821 821
52 87 761 761
52 88 449 449
52 89 407 407
52 90 206 206
52 91 455 455
52 92 297 297
52 93 348 348
52 94 695 695
52 95 394 394
52 96 593 593
52 97 711 711
52 98 579 579
52 99 643 643
52 100 394 394
53 54 840 840
53 55 128 128
53 56 594 594
53 57 503 503
53 58 204 204
53 59 616 616
53 60 626 626
53 61 572 572
53 62 592 592
53 63 187 187
53 64 377 377
53 65 368 368
53 66 546 546
53 67 414 414
53 68 693 693
53 69 335 335
53 70 927 927
53 71 696 696
53 72 362 362
53 73 534 534
53 74 596 596
53 75 573 573
53 76 692 692
53 77 522 522
53 78 856 856
53 79 853 853
53 80 540 540
53 81 544 544
53 82 182 182
53 83 425 425
53 84 420 420
53 85 669 669
53 86 633 633
53 87 823 823
53 88 247 247
53 89 699 699
53 90 321 321
53 91 554 554
53 92 420 420
53 93 174 174
53 94 829 829
53 95 488 488
53 96 891 891
53 97 804 804
53 98 362 362
53 99 618 618
53 100 93 93
54 55 932 932
54 56 704 704
54 57 1031 1031
54 58 836 836
54 59 299 299
54 60 249 249
54 61 459 459
54 62 393 393
54 63 881 881
54 64 758 758
54 65 522 522
54 66 567 567
54 67 922 922
54 68 462 462
54 69 619 619
54 70 580 580
54 71 786 786
54 72 1005 1005
54 73 436 436
54 74 1086 1086
54 75 436 436
54 76 454 454
54 77 533 533
54 78 558 558
54 79 395 395
54 80 350 350
54 81 759 759
54 82 910 910
54 83 459 459
54 84 460 460
54 85 479 479
54 86 1083 1083
54 87 586 586
54 88 912 912
54 89 228 228
54 90 781 781
54 91 446 446
54 92 454 454
54 93 911 911
54 94 395 395
54 95 458 458
54 96 262 262
54 97 496 496
54 98 926 926
54 99 694 694
54 100 924 924
55 56 718 718
55 57 507 507
55 58 332 332
55 59 667 667
55 60 711 711
55 61 663 663
55 62 714 714
55 63 315 315
55 64 265 265
55 65 496 496
55 66 667 667
55 67 500 500
55 68 820 820
55 69 390 390
55 70 1054 1054
55 71 817 817
55 72 294 294
55 73 573 573
55 74 670 670
55 75 612 612
55 76 820 820
55 77 650 650
55 78 984 984
55 79 941 941
55 80 583 583
55 81 664 664
55 82 54 54
55 83 553 553
55 84 548 548
55 85 796 796
55 86 702 702
55 87 951 951
55 88 251 251
55 89 780 780
55 90 213 213
55 91 679 679
55 92 548 548
55 93 302 302
55 94 953 953
55 95 616 616
55 96 966 966
55 97 931 931
55 98 490 490
55 99 742 742
55 100 221 221
56 57 446 446
56 58 764 764
56 59 675 675
56 60 493 493
56 61 257 257
56 62 322 322
56 63 767 767
56 64 768 768
56 65 370 370
56 66 187 187
56 67 339 339
56 68 267 267
56 69 730 730
56 70 407 407
56 71 132 132
56 72 947 947
56 73 723 723
56 74 423 423
56 75 776 776
56 76 357 357
56 77 211 211
56 78 351 351
56 79 806 806
56 80 538 538
56 81 97 97
56 82 733 733
56 83 370 370
56 84 383 383
56 85 244 244
56 86 409 409
56 87 291 291
56 88 525 525
56 89 749 749
56 90 740 740
56 91 275 275
56 92 365 365
56 93 766 766
56 94 423 423
56 95 312 312
56 96 917 917
56 97 381 381
56 98 376 376
56 99 24 24
56 100 639 639
57 58 634 634
57 59 875 875
57 60 782 782
57 61 589 589
57 62 663 663
57 63 607 607
57 64 697 697
57 65 514 514
57 66 494 494
57 67 113 113
57 68 682 682
57 69 733 733
57 70 852 852
57 71 491 491
57 72 768 768
57 73 849 849
57 74 313 313
57 75 907 907
57 76 745 745
57 77 525 525
57 78 796 796
57 79 1097 1097
57 80 737 737
57 81 419 419
57 82 546 546
57 83 581 581
57 84 574 574
57 85 658 658
57 86 231 231
57 87 737 737
57 88 256 256
57 89 990 990
57 90 654 654
57 91 613 613
57 92 580 580
57 93 584 584
57 94 848 848
57 95 579 579
57 96 1179 1179
57 97 766 766
57 98 165 165
57 99 470 470
57 100 410 410
58 59 557 557
58 60 645 645
58 61 649 649
58 62 704 704
58 63 55 55
58 64 299 299
58 65 571 571
58 66 683 683
58 67 610 610
58 68 806 806
58 69 233 233
58 70 1049 1049
58 71 872 872
58 72 235 235
58 73 434 434
58 74 797 797
58 75 471 471
58 76 785 785
58 77 698 698
58 78 984 984
58 79 825 825
58 80 496 496
58 81 707 707
58 82 369 369
58 83 522 522
58 84 509 509
58 85 788 788
58 86 829 829
58 87 956 956
58 88 378 378
58 89 658 658
58 90 243 243
58 91 662 662
58 92 527 527
58 93 96 96
58 94 923 923
58 95 600 600
58 96 833 833
58 97 922 922
58 98 566 566
58 99 779 779
58 100 245 245
59 60 249 249
59 61 425 425
59 62 411 411
59 63 599 599
59 64 465 465
59 65 376 376
59 66 522 522
59 67 784 784
59 68 540 540
59 69 324 324
59 70 728 728
59 71 783 783
59 72 711 711
59 73 138 138
59 74 974 974
59 75 151 151
59 76 439 439
59 77 488 488
59 78 668 668
59 79 276 276
59 80 180 180
59 81 694 694
59 82 660 660
59 83 318 318
59 84 331 331
59 85 522 522
59 86 982 982
59 87 685 685
59 88 714 714
59 89 115 115
59 90 501 501
59 91 420 420
59 92 323 323
59 93 640 640
59 94 544 544
59 95 388 388
59 96 310 310
59 97 609 609
59 98 772 772
59 99 675 675
59 100 677 677
60 61 257 257
60 62 188 188
60 63 688 688
60 64 579 579
60 65 273 273
60 66 341 341
60 67 684 684
60 68 304 304
60 69 454 454
60 70 521 521
60 71 594 594
60 72 825 825
60 73 350 350
60 74 847 847
60 75 362 362
60 76 240 240
60 77 316 316
60 78 450 450
60 79 454 454
60 80 152 152
60 81 532 532
60 82 720 720
60 83 211 211
60 84 224 224
60 85 308 308
60 86 848 848
60 87 473 473
60 88 663 663
60 89 332 332
60 90 589 589
60 91 234 234
60 92 206 206
60 93 703 703
60 94 338 338
60 95 219 219
60 96 472 472
60 97 404 404
60 98 679 679
60 99 488 488
60 100 690 690
61 62 180 180
61 63 672 672
61 64 624 624
61 65 210 210
61 66 108 108
61 67 485 485
61 68 164 164
61 69 535 535
61 70 400 400
61 71 359 359
61 72 845 845
61 73 491 491
61 74 630 630
61 75 540 540
61 76 168 168
61 77 74 74
61 78 343 343
61 79 568 568
61 80 296 296
61 81 300 300
61 82 681 681
61 83 157 157
61 84 170 170
61 85 140 140
61 86 624 624
61 87 312 312
61 88 535 535
61 89 492 492
61 90 647 647
61 91 24 24
61 92 152 152
61 93 713 713
61 94 300 300
61 95 175 175
61 96 666 666
61 97 281 281
61 98 507 507
61 99 254 254
61 100 642 642
62 63 714 714
62 64 650 650
62 65 225 225
62 66 176 176
62 67 550 550
62 68 153 153
62 69 551 551
62 70 374 374
62 71 406 406
62 72 881 881
62 73 480 480
62 74 698 698
62 75 524 524
62 76 196 196
62 77 173 173
62 78 303 303
62 79 503 503
62 80 282 282
62 81 366 366
62 82 706 706
62 83 185 185
62 84 195 195
62 85 129 129
62 86 693 693
62 87 301 301
62 88 601 601
62 89 500 500
62 90 664 664
62 91 188 188
62 92 180 180
62 93 735 735
62 94 239 239
62 95 104 104
62 96 614 614
62 97 251 251
62 98 576 576
62 99 311 311
62 100 669 669
63 64 244 244
63 65 551 551
63 66 666 666
63 67 598 598
63 68 827 827
63 69 288 288
63 70 1071 1071
63 71 874 874
63 72 180 180
63 73 486 486
63 74 773 773
63 75 523 523
63 76 814 814
63 77 670 670
63 78 1000 1000
63 79 875 875
63 80 545 545
63 81 707 707
63 82 314 314
63 83 530 530
63 84 536 536
63 85 812 812
63 86 801 801
63 87 975 975
63 88 351 351
63 89 708 708
63 90 188 188
63 91 689 689
63 92 534 534
63 93 41 41
63 94 952 952
63 95 618 618
63 96 885 885
63 97 944 944
63 98 546 546
63 99 786 786
63 100 220 220
64 65 489 489
64 66 671 671
64 67 668 668
64 68 774 774
64 69 233 233
64 70 1019 1019
64 71 881 881
64 72 249 249
64 73 392 392
64 74 868 868
64 75 471 471
64 76 745 745
64 77 637 637
64 78 949 949
64 79 738 738
64 80 429 429
64 81 727 727
64 82 215 215
64 83 467 467
64 84 480 480
64 85 762 762
64 86 877 877
64 87 934 934
64 88 484 484
64 89 568 568
64 90 56 56
64 91 630 630
64 92 472 472
64 93 203 203
64 94 880 880
64 95 569 569
64 96 746 746
64 97 889 889
64 98 670 670
64 99 782 782
64 100 330 330
65 66 256 256
65 67 415 415
65 68 330 330
65 69 385 385
65 70 573 573
65 71 481 481
65 72 672 672
65 73 394 394
65 74 598 598
65 75 450 450
65 76 324 324
65 77 222 222
65 78 509 509
65 79 586 586
65 80 232 232
65 81 337 337
65 82 486 486
65 83 68 68
65 84 62 62
65 85 312 312
65 86 606 606
65 87 480 480
65 88 395 395
65 89 487 487
65 90 440 440
65 91 215 215
65 92 73 73
65 93 510 510
65 94 461 461
65 95 121 121
65 96 665 665
65 97 447 447
65 98 409 409
65 99 346 346
65 100 449 449
66 67 389 389
66 68 198 198
66 69 581 581
66 70 419 419
66 71 298 298
66 72 846 846
66 73 565 565
66 74 522 522
66 75 617 617
66 76 251 251
66 77 34 34
66 78 350 350
66 79 660 660
66 80 378 378
66 81 192 192
66 82 642 642
66 83 212 212
66 84 225 225
66 85 174 174
66 86 522 522
66 87 313 313
66 88 520 520
66 89 600 600
66 90 693 693
66 91 130 130
66 92 207 207
66 93 685 685
66 94 364 364
66 95 135 135
66 96 772 772
66 97 315 315
66 98 400 400
66 99 163 163
66 100 596 596
67 68 571 571
67 69 675 675
67 70 744 744
67 71 392 392
67 72 760 760
67 73 771 771
67 74 200 200
67 75 828 828
67 76 634 634
67 77 412 412
67 78 686 686
67 79 996 996
67 80 644 644
67 81 307 307
67 82 536 536
67 83 480 480
67 84 472 472
67 85 547 547
67 86 219 219
67 87 630 630
67 88 311 311
67 89 887 887
67 90 612 612
67 91 502 502
67 92 479 479
67 93 583 583
67 94 737 737
67 95 466 466
67 96 1080 1080
67 97 654 654
67 98 52 52
67 99 363 363
67 100 404 404
68 69 683 683
68 70 247 247
68 71 328 328
68 72 998 998
68 73 611 611
68 74 686 686
68 75 655 655
68 76 101 101
68 77 175 175
68 78 179 179
68 79 578 578
68 80 414 414
68 81 347 347
68 82 816 816
68 83 307 307
68 84 297 297
68 85 24 24
68 86 674 674
68 87 169 169
68 88 669 669
68 89 570 570
68 90 770 770
68 91 144 144
68 92 302 302
68 93 837 837
68 94 166 166
68 95 209 209
68 96 701 701
68 97 117 117
68 98 598 598
68 99 250 250
68 100 768 768
69 70 923 923
69 71 846 846
69 72 387 387
69 73 201 201
69 74 874 874
69 75 238 238
69 76 641 641
69 77 567 567
69 78 854 854
69 79 597 597
69 80 384 384
69 81 694 694
69 82 336 336
69 83 378 378
69 84 391 391
69 85 671 671
69 86 893 893
69 87 846 846
69 88 498 498
69 89 433 433
69 90 177 177
69 91 539 539
69 92 383 383
69 93 324 324
69 94 772 772
69 95 480 480
69 96 600 600
69 97 793 793
69 98 643 643
69 99 731 731
69 100 417 417
70 71 395 395
70 72 1244 1244
70 73 840 840
70 74 811 811
70 75 872 872
70 76 348 348
70 77 407 407
70 78 71 71
70 79 710 710
70 80 642 642
70 81 503 503
70 82 1054 1054
70 83 552 552
70 84 543 543
70 85 261 261
70 86 790 790
70 87 116 116
70 88 903 903
70 89 742 742
70 90 1011 1011
70 91 390 390
70 92 548 548
70 93 1081 1081
70 94 413 413
70 95 456 456
70 96 842 842
70 97 130 130
70 98 779 779
70 99 383 383
70 100 992 992
71 72 1054 1054
71 73 840 840
71 74 436 436
71 75 889 889
71 76 426 426
71 77 295 295
71 78 413 413
71 79 898 898
71 80 648 648
71 81 171 171
71 82 837 837
71 83 488 488
71 84 487 487
71 85 310 310
71 86 396 396
71 87 364 364
71 88 596 596
71 89 850 850
71 90 851 851
71 91 374 374
71 92 493 493
71 93 870 870
71 94 494 494
71 95 396 396
71 96 1012 1012
71 97 351 351
71 98 435 435
71 99 135 135
71 100 733 733
72 73 588 588
72 74 934 934
72 75 618 618
72 76 978 978
72 77 848 848
72 78 1173 1173
72 79 980 980
72 80 677 677
72 81 887 887
72 82 348 348
72 83 696 696
72 84 704 704
72 85 983 983
72 86 963 963
72 87 1150 1150
72 88 512 512
72 89 815 815
72 90 238 238
72 91 855 855
72 92 701 701
72 93 188 188
72 94 1116 1116
72 95 790 790
72 96 968 968
72 97 1115 1115
72 98 724 724
72 99 966 966
72 100 367 367
73 74 968 968
73 75 289 289
73 76 543 543
73 77 545 545
73 78 773 773
73 79 399 399
73 80 198 198
73 81 723 723
73 82 535 535
73 83 363 363
73 84 366 366
73 85 609 609
73 86 980 980
73 87 780 780
73 88 643 643
73 89 242 242
73 90 378 378
73 91 486 486
73 92 358 358
73 93 525 525
73 94 660 660
73 95 444 444
73 96 399 399
73 97 711 711
73 98 779 779
73 99 728 728
73 100 594 594
74 75 1026 1026
74 76 766 766
74 77 556 556
74 78 765 765
74 79 1170 1170
74 80 830 830
74 81 339 339
74 82 712 712
74 83 662 662
74 84 653 653
74 85 663 663
74 86 406 406
74 87 700 700
74 88 422 422
74 89 1072 1072
74 90 812 812
74 91 652 652
74 92 659 659
74 93 750 750
74 94 846 846
74 95 629 629
74 96 1261 1261
74 97 768 768
74 98 234 234
74 99 447 447
74 100 573 573
75 76 580 580
75 77 595 595
75 78 810 810
75 79 382 382
75 80 244 244
75 81 778 778
75 82 574 574
75 83 433 433
75 84 420 420
75 85 653 653
75 86 1040 1040
75 87 821 821
75 88 698 698
75 89 215 215
75 90 415 415
75 91 533 533
75 92 438 438
75 93 562 562
75 94 692 692
75 95 495 495
75 96 365 365
75 97 749 749
75 98 808 808
75 99 780 780
75 100 655 655
76 77 226 226
76 78 280 280
76 79 477 477
76 80 392 392
76 81 427 427
76 82 809 809
76 83 284 284
76 84 297 297
76 85 121 121
76 86 757 757
76 87 270 270
76 88 700 700
76 89 469 469
76 90 741 741
76 91 144 144
76 92 289 289
76 93 829 829
76 94 138 138
76 95 206 206
76 96 602 602
76 97 218 218
76 98 650 650
76 99 342 342
76 100 771 771
77 78 340 340
77 79 628 628
77 80 353 353
77 81 226 226
77 82 649 649
77 83 193 193
77 84 192 192
77 85 153 153
77 86 551 551
77 87 305 305
77 88 527 527
77 89 566 566
77 90 662 662
77 91 98 98
77 92 198 198
77 93 677 677
77 94 335 335
77 95 101 101
77 96 740 740
77 97 286 286
77 98 433 433
77 99 187 187
77 100 615 615
78 79 683 683
78 80 577 577
78 81 447 447
78 82 984 984
78 83 482 482
78 84 475 475
78 85 203 203
78 86 756 756
78 87 152 152
78 88 838 838
78 89 689 689
78 90 940 940
78 91 322 322
78 92 477 477
78 93 1014 1014
78 94 345 345
78 95 388 388
78 96 800 800
78 97 62 62
78 98 719 719
78 99 328 328
78 100 923 923
79 80 376 376
79 81 852 852
79 82 905 905
79 83 522 522
79 84 533 533
79 85 591 591
79 86 1170 1170
79 87 711 711
79 88 951 951
79 89 170 170
79 90 769 769
79 91 545 545
79 92 517 517
79 93 908 908
79 94 524 524
79 95 594 594
79 96 133 133
79 97 621 621
79 98 993 993
79 99 808 808
79 100 945 945
80 81 551 551
80 82 568 568
80 83 200 200
80 84 187 187
80 85 411 411
80 86 838 838
80 87 582 582
80 88 582 582
80 89 263 263
80 90 443 443
80 91 291 291
80 92 205 205
80 93 586 586
80 94 476 476
80 95 252 252
80 96 456 456
80 97 515 515
80 98 632 632
80 99 540 540
80 100 575 575
81 82 666 666
81 83 377 377
81 84 364 364
81 85 324 324
81 86 330 330
81 87 388 388
81 88 428 428
81 89 777 777
81 90 690 690
81 91 322 322
81 92 373 373
81 93 700 700
81 94 513 513
81 95 327 327
81 96 964 964
81 97 455 455
81 98 279 279
81 99 121 121
81 100 582 582
82 83 525 525
82 84 530 530
82 85 798 798
82 86 741 741
82 87 954 954
82 88 305 305
82 89 742 742
82 90 159 159
82 91 683 683
82 92 529 529
82 93 306 306
82 94 945 945
82 95 607 607
82 96 927 927
82 97 930 930
82 98 544 544
82 99 757 757
82 100 275 275
83 84 13 13
83 85 295 295
83 86 667 667
83 87 469 469
83 88 463 463
83 89 419 419
83 90 490 490
83 91 163 163
83 92 5 5
83 93 564 564
83 94 422 422
83 95 102 102
83 96 607 607
83 97 422 422
83 98 477 477
83 99 375 375
83 100 509 509
84 85 285 285
84 86 668 668
84 87 459 459
84 88 457 457
84 89 432 432
84 90 502 502
84 91 153 153
84 92 18 18
84 93 551 551
84 94 416 416
84 95 91 91
84 96 610 610
84 97 413 413
84 98 469 469
84 99 379 379
84 100 503 503
85 86 651 651
85 87 175 175
85 88 647 647
85 89 570 570
85 90 751 751
85 91 132 132
85 92 290 290
85 93 820 820
85 94 190 190
85 95 206 206
85 96 713 713
85 97 141 141
85 98 574 574
85 99 229 229
85 100 744 744
86 87 680 680
86 88 451 451
86 89 1078 1078
86 90 829 829
86 91 647 647
86 92 667 667
86 93 779 779
86 94 832 832
86 95 633 633
86 96 1265 1265
86 97 731 731
86 98 271 271
86 99 428 428
86 100 603 603
87 88 788 788
87 89 716 716
87 90 920 920
87 91 307 307
87 92 464 464
87 93 982 982
87 94 335 335
87 95 368 368
87 96 841 841
87 97 90 90
87 98 663 663
87 99 267 267
87 100 891 891
88 89 812 812
88 90 464 464
88 91 556 556
88 92 461 461
88 93 328 328
88 94 827 827
88 95 498 498
88 96 1008 1008
88 97 776 776
88 98 305 305
88 99 541 541
88 100 154 154
89 90 604 604
89 91 476 476
89 92 414 414
89 93 744 744
89 94 551 551
89 95 503 503
89 96 197 197
89 97 654 654
89 98 883 883
89 99 746 746
89 100 792 792
90 91 651 651
90 92 495 495
90 93 147 147
90 94 879 879
90 95 561 561
90 96 777 777
90 97 887 887
90 98 626 626
90 99 764 764
90 100 326 326
91 92 158 158
91 93 697 697
91 94 276 276
91 95 199 199
91 96 642 642
91 97 260 260
91 98 515 515
91 99 271 271
91 100 630 630
92 93 569 569
92 94 418 418
92 95 97 97
92 96 602 602
92 97 418 418
92 98 477 477
92 99 370 370
92 100 504 504
93 94 967 967
93 95 631 631
93 96 922 922
93 97 954 954
93 98 536 536
93 99 785 785
93 100 179 179
94 95 343 343
94 96 651 651
94 97 283 283
94 98 764 764
94 99 404 404
94 100 906 906
95 96 671 671
95 97 326 326
95 98 474 474
95 99 288 288
95 100 570 570
96 97 751 751
96 98 1072 1072
96 99 912 912
96 100 983 983
97 98 684 684
97 99 357 357
97 100 885 885
98 99 399 399
98 100 411 411
99 100 660 660
