100
10
1500
20
8
20
30
31
40
44
45
46
48
49
54
59
60
65
67
70
72
88
92
97
20
4
5
14
19
21
33
35
38
42
56
57
64
68
75
76
83
84
90
94
96
0 1 599 599
0 2 600 600
0 3 512 512
0 4 474 474
0 5 558 558
0 6 486 486
0 7 204 204
0 8 621 621
0 9 440 440
0 10 356 356
0 11 424 424
0 12 568 568
0 13 324 324
0 14 100 100
0 15 293 293
0 16 399 399
0 17 299 299
0 18 156 156
0 19 344 344
0 20 383 383
0 21 592 592
0 22 526 526
0 23 456 456
0 24 254 254
0 25 544 544
0 26 396 396
0 27 402 402
0 28 573 573
0 29 348 348
0 30 396 396
0 31 609 609
0 32 230 230
0 33 493 493
0 34 390 390
0 35 346 346
0 36 292 292
0 37 276 276
0 38 602 602
0 39 557 557
0 40 462 462
0 41 405 405
0 42 375 375
0 43 378 378
0 44 562 562
0 45 352 352
0 46 587 587
0 47 376 376
0 48 645 645
0 49 616 616
0 50 616 616
0 51 406 406
0 52 247 247
0 53 308 308
0 54 419 419
0 55 503 503
0 56 488 488
0 57 413 413
0 58 284 284
0 59 533 533
0 60 324 324
0 61 601 601
0 62 348 348
0 63 505 505
0 64 360 360
0 65 323 323
0 66 598 598
0 67 449 449
0 68 520 520
0 69 429 429
0 70 269 269
0 71 399 399
0 72 397 397
0 73 466 466
0 74 206 206
0 75 178 178
0 76 192 192
0 77 477 477
0 78 372 372
0 79 578 578
0 80 573 573
0 81 319 319
0 82 566 566
0 83 389 389
0 84 613 613
0 85 446 446
0 86 268 268
0 87 396 396
0 88 574 574
0 89 591 591
0 90 359 359
0 91 207 207
0 92 414 414
0 93 565 565
0 94 386 386
0 95 500 500
0 96 533 533
0 97 381 381
0 98 546 546
0 99 279 279
0 100 194 194
1 2 715 715
1 3 717 717
1 4 806 806
1 5 668 668
1 6 568 568
1 7 546 546
1 8 981 981
1 9 376 376
1 10 566 566
1 11 765 765
1 12 864 864
1 13 884 884
1 14 519 519
1 15 519 519
1 16 795 795
1 17 448 448
1 18 650 650
1 19 814 814
1 20 607 607
1 21 936 936
1 22 1083 1083
1 23 1008 1008
1 24 812 812
1 25 893 893
1 26 246 246
1 27 928 928
1 28 1129 1129
1 29 324 324
1 30 384 384
1 31 1114 1114
1 32 626 626
1 33 1048 1048
1 34 399 399
1 35 802 802
1 36 541 541
1 37 630 630
1 38 919 919
1 39 1117 1117
1 40 560 560
1 41 888 888
1 42 924 924
1 43 904 904
1 44 832 832
1 45 632 632
1 46 1135 1135
1 47 785 785
1 48 173 173
1 49 790 790
1 50 962 962
1 51 938 938
1 52 396 396
1 53 839 839
1 54 381 381
1 55 599 599
1 56 513 513
1 57 314 314
1 58 537 537
1 59 503 503
1 60 881 881
1 61 910 910
1 62 327 327
1 63 597 597
1 64 866 866
1 65 518 518
1 66 1155 1155
1 67 632 632
1 68 956 956
1 69 170 170
1 70 430 430
1 71 451 451
1 72 308 308
1 73 184 184
1 74 476 476
1 75 588 588
1 76 484 484
1 77 441 441
1 78 494 494
1 79 635 635
1 80 819 819
1 81 789 789
1 82 866 866
1 83 621 621
1 84 45 45
1 85 187 187
1 86 501 501
1 87 355 355
1 88 28 28
1 89 1149 1149
1 90 273 273
1 91 500 500
1 92 829 829
1 93 651 651
1 94 224 224
1 95 725 725
1 96 717 717
1 97 836 836
1 98 576 576
1 99 543 543
1 100 414 414
2 3 106 106
2 4 1067 1067
2 5 49 49
2 6 170 170
2 7 396 396
2 8 1211 1211
2 9 689 689
2 10 917 917
2 11 992 992
2 12 1161 1161
2 13 715 715
2 14 500 500
2 15 310 310
2 16 346 346
2 17 582 582
2 18 533 533
2 19 794 794
2 20 952 952
2 21 1183 1183
2 22 929 929
2 23 908 908
2 24 744 744
2 25 1136 1136
2 26 762 762
2 27 916 916
2 28 910 910
2 29 778 778
2 30 380 380
2 31 766 766
2 32 588 588
2 33 779 779
2 34 863 863
2 35 801 801
2 36 652 652
2 37 863 863
2 38 1195 1195
2 39 852 852
2 40 1004 1004
2 41 887 887
2 42 878 878
2 43 906 906
2 44 1153 1153
2 45 797 797
2 46 904 904
2 47 362 362
2 48 885 885
2 49 91 91
2 50 1160 1160
2 51 628 628
2 52 582 582
2 53 840 840
2 54 871 871
2 55 121 121
2 56 202 202
2 57 797 797
2 58 846 846
2 59 226 226
2 60 795 795
2 61 1194 1194
2 62 432 432
2 63 122 122
2 64 536 536
2 65 337 337
2 66 868 868
2 67 1013 1013
2 68 1095 1095
2 69 561 561
2 70 386 386
2 71 279 279
2 72 713 713
2 73 783 783
2 74 423 423
2 75 765 765
2 76 580 580
2 77 299 299
2 78 263 263
2 79 94 94
2 80 1161 1161
2 81 774 774
2 82 1160 1160
2 83 382 382
2 84 760 760
2 85 534 534
2 86 338 338
2 87 841 841
2 88 688 688
2 89 868 868
2 90 747 747
2 91 757 757
2 92 1002 1002
2 93 65 65
2 94 519 519
2 95 175 175
2 96 75 75
2 97 818 818
2 98 164 164
2 99 834 834
2 100 663 663
3 4 985 985
3 5 155 155
3 6 194 194
3 7 365 365
3 8 1133 1133
3 9 672 672
3 10 850 850
3 11 909 909
3 12 1080 1080
3 13 609 609
3 14 422 422
3 15 353 353
3 16 240 240
3 17 517 517
3 18 499 499
3 19 692 692
3 20 884 884
3 21 1100 1100
3 22 824 824
3 23 840 840
3 24 638 638
3 25 1056 1056
3 26 728 728
3 27 816 816
3 28 804 804
3 29 735 735
3 30 406 406
3 31 681 681
3 32 552 552
3 33 673 673
3 34 815 815
3 35 704 704
3 36 575 575
3 37 785 785
3 38 1112 1112
3 39 746 746
3 40 938 938
3 41 789 789
3 42 778 778
3 43 803 803
3 44 1074 1074
3 45 723 723
3 46 798 798
3 47 265 265
3 48 879 879
3 49 197 197
3 50 1095 1095
3 51 522 522
3 52 525 525
3 53 741 741
3 54 827 827
3 55 145 145
3 56 235 235
3 57 753 753
3 58 778 778
3 59 283 283
3 60 708 708
3 61 1111 1111
3 62 466 466
3 63 140 140
3 64 432 432
3 65 346 346
3 66 762 762
3 67 946 946
3 68 1002 1002
3 69 552 552
3 70 351 351
3 71 266 266
3 72 701 701
3 73 759 759
3 74 362 362
3 75 689 689
3 76 514 514
3 77 346 346
3 78 230 230
3 79 167 167
3 80 1085 1085
3 81 703 703
3 82 1078 1078
3 83 399 399
3 84 762 762
3 85 537 537
3 86 278 278
3 87 796 796
3 88 690 690
3 89 762 762
3 90 715 715
3 91 694 694
3 92 913 913
3 93 126 126
3 94 505 505
3 95 274 274
3 96 181 181
3 97 719 719
3 98 211 211
3 99 769 769
3 100 606 606
4 5 1029 1029
4 6 952 952
4 7 671 671
4 8 215 215
4 9 682 682
4 10 355 355
4 11 77 77
4 12 99 99
4 13 543 543
4 14 571 571
4 15 764 764
4 16 838 838
4 17 505 505
4 18 601 601
4 19 381 381
4 20 356 356
4 21 132 132
4 22 569 569
4 23 478 478
4 24 440 440
4 25 87 87
4 26 562 562
4 27 360 360
4 28 662 662
4 29 482 482
4 30 768 768
4 31 801 801
4 32 496 496
4 33 685 685
4 34 420 420
4 35 355 355
4 36 420 420
4 37 225 225
4 38 130 130
4 39 705 705
4 40 291 291
4 41 343 343
4 42 393 393
4 43 344 344
4 44 141 141
4 45 270 270
4 46 678 678
4 47 813 813
4 48 787 787
4 49 1078 1078
4 50 161 161
4 51 704 704
4 52 530 530
4 53 397 397
4 54 456 456
4 55 972 972
4 56 948 948
4 57 494 494
4 58 305 305
4 59 986 986
4 60 446 446
4 61 127 127
4 62 740 740
4 63 975 975
4 64 719 719
4 65 734 734
4 66 750 750
4 67 290 290
4 68 249 249
4 69 766 766
4 70 719 719
4 71 853 853
4 72 612 612
4 73 632 632
4 74 662 662
4 75 323 323
4 76 496 496
4 77 920 920
4 78 836 836
4 79 1047 1047
4 80 134 134
4 81 375 375
4 82 93 93
4 83 798 798
4 84 813 813
4 85 792 792
4 86 737 737
4 87 487 487
4 88 807 807
4 89 736 736
4 90 548 548
4 91 349 349
4 92 122 122
4 93 1031 1031
4 94 742 742
4 95 973 973
4 96 1007 1007
4 97 368 368
4 98 1010 1010
4 99 300 300
4 100 467 467
5 6 121 121
5 7 359 359
5 8 1175 1175
5 9 640 640
5 10 874 874
5 11 954 954
5 12 1122 1122
5 13 694 694
5 14 458 458
5 15 268 268
5 16 343 343
5 17 539 539
5 18 497 497
5 19 770 770
5 20 910 910
5 21 1147 1147
5 22 913 913
5 23 908 908
5 24 711 711
5 25 1099 1099
5 26 714 714
5 27 901 901
5 28 899 899
5 29 733 733
5 30 333 333
5 31 765 765
5 32 560 560
5 33 769 769
5 34 820 820
5 35 772 772
5 36 611 611
5 37 822 822
5 38 1157 1157
5 39 849 849
5 40 955 955
5 41 862 862
5 42 851 851
5 43 877 877
5 44 1113 1113
5 45 759 759
5 46 893 893
5 47 352 352
5 48 837 837
5 49 140 140
5 50 1125 1125
5 51 618 618
5 52 537 537
5 53 809 809
5 54 823 823
5 55 72 72
5 56 155 155
5 57 748 748
5 58 804 804
5 59 196 196
5 60 781 781
5 61 1156 1156
5 62 393 393
5 63 73 73
5 64 524 524
5 65 296 296
5 66 865 865
5 67 970 970
5 68 1073 1073
5 69 514 514
5 70 337 337
5 71 238 238
5 72 671 671
5 73 735 735
5 74 378 378
5 75 725 725
5 76 539 539
5 77 250 250
5 78 214 214
5 79 64 64
5 80 1120 1120
5 81 745 745
5 82 1121 1121
5 83 350 350
5 84 713 713
5 85 486 486
5 86 308 308
5 87 792 792
5 88 641 641
5 89 861 861
5 90 700 700
5 91 717 717
5 92 966 966
5 93 114 114
5 94 470 470
5 95 126 126
5 96 124 124
5 97 807 807
5 98 115 115
5 99 792 792
5 100 618 618
6 7 305 305
6 8 1106 1106
6 9 523 523
6 10 782 782
6 11 880 880
6 12 1042 1042
6 13 675 675
6 14 386 386
6 15 195 195
6 16 397 397
6 17 450 450
6 18 430 430
6 19 726 726
6 20 818 818
6 21 1074 1074
6 22 900 900
6 23 862 862
6 24 684 684
6 25 1026 1026
6 26 605 605
6 27 854 854
6 28 899 899
6 29 623 623
6 30 223 223
6 31 787 787
6 32 498 498
6 33 777 777
6 34 710 710
6 35 726 726
6 36 533 533
6 37 742 742
6 38 1082 1082
6 39 850 850
6 40 853 853
6 41 816 816
6 42 813 813
6 43 836 836
6 44 1030 1030
6 45 684 684
6 46 895 895
6 47 372 372
6 48 719 719
6 49 240 240
6 50 1059 1059
6 51 631 631
6 52 442 442
6 53 767 767
6 54 715 715
6 55 49 49
6 56 128 128
6 57 638 638
6 58 712 712
6 59 89 89
6 60 737 737
6 61 1079 1079
6 62 283 283
6 63 54 54
6 64 546 546
6 65 224 224
6 66 884 884
6 67 877 877
6 68 1003 1003
6 69 403 403
6 70 239 239
6 71 117 117
6 72 550 550
6 73 621 621
6 74 290 290
6 75 644 644
6 76 456 456
6 77 197 197
6 78 116 116
6 79 100 100
6 80 1034 1034
6 81 701 701
6 82 1041 1041
6 83 229 229
6 84 596 596
6 85 413 413
6 86 218 218
6 87 684 684
6 88 541 541
6 89 878 878
6 90 588 588
6 91 625 625
6 92 900 900
6 93 111 111
6 94 353 353
6 95 247 247
6 96 166 166
6 97 757 757
6 98 62 62
6 99 703 703
6 100 520 520
7 8 817 817
7 9 527 527
7 10 533 533
7 11 596 596
7 12 768 768
7 13 528 528
7 14 104 104
7 15 280 280
7 16 272 272
7 17 205 205
7 18 237 237
7 19 432 432
7 20 567 567
7 21 788 788
7 22 674 674
7 23 579 579
7 24 432 432
7 25 740 740
7 26 465 465
7 27 561 561
7 28 672 672
7 29 462 462
7 30 192 192
7 31 654 654
7 32 201 201
7 33 538 538
7 34 518 518
7 35 428 428
7 36 256 256
7 37 468 468
7 38 799 799
7 39 612 612
7 40 626 626
7 41 521 521
7 42 521 521
7 43 542 542
7 44 758 758
7 45 401 401
7 46 646 646
7 47 247 247
7 48 700 700
7 49 412 412
7 50 767 767
7 51 407 407
7 52 251 251
7 53 470 470
7 54 537 537
7 55 307 307
7 56 306 306
7 57 472 472
7 58 462 462
7 59 356 356
7 60 502 502
7 61 798 798
7 62 252 252
7 63 312 312
7 64 421 421
7 65 250 250
7 66 645 645
7 67 629 629
7 68 724 724
7 69 406 406
7 70 160 160
7 71 231 231
7 72 512 512
7 73 518 518
7 74 214 214
7 75 370 370
7 76 196 196
7 77 357 357
7 78 190 190
7 79 385 385
7 80 766 766
7 81 407 407
7 82 764 764
7 83 208 208
7 84 586 586
7 85 383 383
7 86 87 87
7 87 517 517
7 88 524 524
7 89 639 639
7 90 467 467
7 91 376 376
7 92 608 608
7 93 369 369
7 94 355 355
7 95 480 480
7 96 376 376
7 97 452 452
7 98 358 358
7 99 451 451
7 100 303 303
8 9 858 858
8 10 415 415
8 11 288 288
8 12 136 136
8 13 613 613
8 14 720 720
8 15 913 913
8 16 952 952
8 17 668 668
8 18 737 737
8 19 466 466
8 20 376 376
8 21 131 131
8 22 588 588
8 23 493 493
8 24 526 526
8 25 179 179
8 26 735 735
8 27 390 390
8 28 670 670
8 29 657 657
8 30 918 918
8 31 838 838
8 32 623 623
8 33 723 723
8 34 593 593
8 35 441 441
8 36 575 575
8 37 379 379
8 38 85 85
8 39 726 726
8 40 459 459
8 41 392 392
8 42 434 434
8 43 385 385
8 44 182 182
8 45 422 422
8 46 694 694
8 47 938 938
8 48 960 960
8 49 1212 1212
8 50 62 62
8 51 776 776
8 52 697 697
8 53 417 417
8 54 627 627
8 55 1123 1123
8 56 1105 1105
8 57 668 668
8 58 479 479
8 59 1145 1145
8 60 508 508
8 61 182 182
8 62 907 907
8 63 1126 1126
8 64 811 811
8 65 886 886
8 66 767 767
8 67 377 377
8 68 158 158
8 69 935 935
8 70 880 880
8 71 1011 1011
8 72 787 787
8 73 804 804
8 74 818 818
8 75 469 469
8 76 673 673
8 77 1083 1083
8 78 991 991
8 79 1198 1198
8 80 300 300
8 81 466 466
8 82 142 142
8 83 925 925
8 84 987 987
8 85 966 966
8 86 888 888
8 87 638 638
8 88 983 983
8 89 753 753
8 90 709 709
8 91 521 521
8 92 285 285
8 93 1179 1179
8 94 915 915
8 95 1107 1107
8 96 1146 1146
8 97 454 454
8 98 1166 1166
8 99 466 466
8 100 639 639
9 10 444 444
9 11 647 647
9 12 745 745
9 13 764 764
9 14 423 423
9 15 446 446
9 16 726 726
9 17 328 328
9 18 543 543
9 19 687 687
9 20 485 485
9 21 813 813
9 22 959 959
9 23 881 881
9 24 687 687
9 25 769 769
9 26 130 130
9 27 799 799
9 28 1009 1009
9 29 552 552
9 30 512 512
9 31 1004 1004
9 32 507 507
9 33 932 932
9 34 283 283
9 35 674 674
9 36 421 421
9 37 499 499
9 38 801 801
9 39 997 997
9 40 452 452
9 41 759 759
9 42 788 788
9 43 781 781
9 44 716 716
9 45 506 506
9 46 1014 1014
9 47 707 707
9 48 221 221
9 49 763 763
9 50 836 836
9 51 830 830
9 52 276 276
9 53 711 711
9 54 263 263
9 55 569 569
9 56 619 619
9 57 196 196
9 58 429 429
9 59 608 608
9 60 754 754
9 61 791 791
9 62 473 473
9 63 574 574
9 64 764 764
9 65 440 440
9 66 1037 1037
9 67 514 514
9 68 828 828
9 69 380 380
9 70 524 524
9 71 496 496
9 72 192 192
9 73 209 209
9 74 513 513
9 75 444 444
9 76 364 364
9 77 419 419
9 78 442 442
9 79 616 616
9 80 702 702
9 81 676 676
9 82 751 751
9 83 549 549
9 84 383 383
9 85 415 415
9 86 548 548
9 87 238 238
9 88 379 379
9 89 1030 1030
9 90 250 250
9 91 361 361
9 92 701 701
9 93 631 631
9 94 392 392
9 95 705 705
9 96 671 671
9 97 709 709
9 98 553 553
9 99 441 441
9 100 332 332
10 11 278 278
10 12 302 302
10 13 567 567
10 14 430 430
10 15 607 607
10 16 754 754
10 17 335 335
10 18 509 509
10 19 419 419
10 20 162 162
10 21 370 370
10 22 678 678
10 23 585 585
10 24 460 460
10 25 383 383
10 26 320 320
10 27 473 473
10 28 758 758
10 29 288 288
10 30 566 566
10 31 846 846
10 32 403 403
10 33 738 738
10 34 181 181
10 35 395 395
10 36 284 284
10 37 130 130
10 38 358 358
10 39 780 780
10 40 178 178
10 41 440 440
10 42 486 486
10 43 455 455
10 44 301 301
10 45 211 211
10 46 771 771
10 47 732 732
10 48 548 548
10 49 944 944
10 50 461 461
10 51 706 706
10 52 345 345
10 53 437 437
10 54 218 218
10 55 811 811
10 56 769 769
10 57 269 269
10 58 72 72
10 59 799 799
10 60 499 499
10 61 347 347
10 62 548 548
10 63 812 812
10 64 692 692
10 65 581 581
10 66 826 826
10 67 96 96
10 68 412 412
10 69 534 534
10 70 543 543
10 71 671 671
10 72 382 382
10 73 390 390
10 74 498 498
10 75 189 189
10 76 341 341
10 77 727 727
10 78 666 666
10 79 880 880
10 80 266 266
10 81 401 401
10 82 308 308
10 83 658 658
10 84 572 572
10 85 567 567
10 86 579 579
10 87 249 249
10 88 568 568
10 89 813 813
10 90 294 294
10 91 160 160
10 92 290 290
10 93 871 871
10 94 522 522
10 95 841 841
10 96 866 866
10 97 425 425
10 98 834 834
10 99 88 88
10 100 271 271
11 12 173 173
11 13 473 473
11 14 497 497
11 15 689 689
11 16 778 778
11 17 437 437
11 18 524 524
11 19 310 310
11 20 279 279
11 21 195 195
11 22 520 520
11 23 431 431
11 24 368 368
11 25 164 164
11 26 521 521
11 27 308 308
11 28 611 611
11 29 442 442
11 30 691 691
11 31 744 744
11 32 422 422
11 33 629 629
11 34 392 392
11 35 284 284
11 36 349 349
11 37 148 148
11 38 203 203
11 39 648 648
11 40 289 289
11 41 286 286
11 42 336 336
11 43 305 305
11 44 178 178
11 45 196 196
11 46 626 626
11 47 754 754
11 48 759 759
11 49 1001 1001
11 50 238 238
11 51 633 633
11 52 466 466
11 53 326 326
11 54 430 430
11 55 899 899
11 56 878 878
11 57 457 457
11 58 228 228
11 59 917 917
11 60 380 380
11 61 204 204
11 62 675 675
11 63 902 902
11 64 645 645
11 65 660 660
11 66 694 694
11 67 213 213
11 68 200 200
11 69 707 707
11 70 649 649
11 71 783 783
11 72 569 569
11 73 595 595
11 74 591 591
11 75 246 246
11 76 425 425
11 77 852 852
11 78 765 765
11 79 974 974
11 80 211 211
11 81 311 311
11 82 170 170
11 83 724 724
11 84 774 774
11 85 736 736
11 86 664 664
11 87 461 461
11 88 763 763
11 89 681 681
11 90 492 492
11 91 292 292
11 92 83 83
11 93 961 961
11 94 685 685
11 95 896 896
11 96 933 933
11 97 319 319
11 98 939 939
11 99 223 223
11 100 410 410
12 13 631 631
12 14 664 664
12 15 856 856
12 16 933 933
12 17 599 599
12 18 696 696
12 19 471 471
12 20 260 260
12 21 91 91
12 22 638 638
12 23 550 550
12 24 533 533
12 25 81 81
12 26 620 620
12 27 447 447
12 28 733 733
12 29 543 543
12 30 842 842
12 31 882 882
12 32 588 588
12 33 767 767
12 34 471 471
12 35 447 447
12 36 512 512
12 37 321 321
12 38 56 56
12 39 783 783
12 40 323 323
12 41 436 436
12 42 473 473
12 43 423 423
12 44 54 54
12 45 369 369
12 46 750 750
12 47 908 908
12 48 826 826
12 49 1172 1172
12 50 159 159
12 51 794 794
12 52 618 618
12 53 433 433
12 54 511 511
12 55 1065 1065
12 56 1042 1042
12 57 552 552
12 58 350 350
12 59 1074 1074
12 60 532 532
12 61 46 46
12 62 823 823
12 63 1067 1067
12 64 814 814
12 65 826 826
12 66 825 825
12 67 241 241
12 68 255 255
12 69 836 836
12 70 813 813
12 71 942 942
12 72 675 675
12 73 684 684
12 74 752 752
12 75 403 403
12 76 591 591
12 77 1007 1007
12 78 926 926
12 79 1139 1139
12 80 233 233
12 81 471 471
12 82 6 6
12 83 881 881
12 84 867 867
12 85 867 867
12 86 829 829
12 87 522 522
12 88 868 868
12 89 812 812
12 90 595 595
12 91 431 431
12 92 204 204
12 93 1124 1124
12 94 819 819
12 95 1067 1067
12 96 1101 1101
12 97 456 456
12 98 1104 1104
12 99 353 353
12 100 548 548
13 14 424 424
13 15 504 504
13 16 451 451
13 17 436 436
13 18 365 365
13 19 163 163
13 20 574 574
13 21 605 605
13 22 227 227
13 23 312 312
13 24 110 110
13 25 570 570
13 26 711 711
13 27 285 285
13 28 249 249
13 29 656 656
13 30 682 682
13 31 368 368
13 32 379 379
13 33 315 315
13 34 676 676
13 35 189 189
13 36 368 368
13 37 440 440
13 38 638 638
13 39 235 235
13 40 681 681
13 41 245 245
13 42 250 250
13 43 276 276
13 44 648 648
13 45 376 376
13 46 443 443
13 47 431 431
13 48 966 966
13 49 738 738
13 50 551 551
13 51 164 164
13 52 488 488
13 53 199 199
13 54 708 708
13 55 714 714
13 56 759 759
13 57 689 689
13 58 513 513
13 59 748 748
13 60 180 180
13 61 644 644
13 62 622 622
13 63 717 717
13 64 259 259
13 65 474 474
13 66 277 277
13 67 635 635
13 68 461 461
13 69 750 750
13 70 530 530
13 71 633 633
13 72 721 721
13 73 785 785
13 74 473 473
13 75 397 397
13 76 400 400
13 77 716 716
13 78 586 586
13 79 742 742
13 80 675 675
13 81 173 173
13 82 626 626
13 83 447 447
13 84 915 915
13 85 756 756
13 86 489 489
13 87 699 699
13 88 894 894
13 89 269 269
13 90 673 673
13 91 475 475
13 92 428 428
13 93 707 707
13 94 696 696
13 95 588 588
13 96 640 640
13 97 175 175
13 98 736 736
13 99 498 498
13 100 509 509
14 15 193 193
14 16 343 343
14 17 199 199
14 18 133 133
14 19 361 361
14 20 463 463
14 21 689 689
14 22 600 600
14 23 530 530
14 24 328 328
14 25 642 642
14 26 395 395
14 27 490 490
14 28 653 653
14 29 367 367
14 30 296 296
14 31 595 595
14 32 130 130
14 33 531 531
14 34 440 440
14 35 359 359
14 36 263 263
14 37 365 365
14 38 699 699
14 39 601 601
14 40 526 526
14 41 454 454
14 42 460 460
14 43 471 471
14 44 656 656
14 45 301 301
14 46 626 626
14 47 323 323
14 48 628 628
14 49 516 516
14 50 673 673
14 51 420 420
14 52 147 147
14 53 400 400
14 54 450 450
14 55 403 403
14 56 388 388
14 57 393 393
14 58 358 358
14 59 433 433
14 60 398 398
14 61 698 698
14 62 248 248
14 63 406 406
14 64 354 354
14 65 223 223
14 66 638 638
14 67 526 526
14 68 620 620
14 69 405 405
14 70 241 241
14 71 312 312
14 72 415 415
14 73 474 474
14 74 110 110
14 75 278 278
14 76 92 92
14 77 380 380
14 78 272 272
14 79 478 478
14 80 664 664
14 81 336 336
14 82 664 664
14 83 289 289
14 84 555 555
14 85 380 380
14 86 168 168
14 87 429 429
14 88 539 539
14 89 632 632
14 90 363 363
14 91 272 272
14 92 514 514
14 93 465 465
14 94 351 351
14 95 412 412
14 96 440 440
14 97 384 384
14 98 446 446
14 99 347 347
14 100 229 229
15 16 280 280
15 17 276 276
15 18 236 236
15 19 531 531
15 20 642 642
15 21 882 882
15 22 730 730
15 23 679 679
15 24 491 491
15 25 835 835
15 26 485 485
15 27 659 659
15 28 753 753
15 29 486 486
15 30 252 252
15 31 654 654
15 32 304 304
15 33 621 621
15 34 565 565
15 35 531 531
15 36 345 345
15 37 555 555
15 38 892 892
15 39 696 696
15 40 697 697
15 41 624 624
15 42 631 631
15 43 641 641
15 44 845 845
15 45 494 494
15 46 742 742
15 47 272 272
15 48 667 667
15 49 394 394
15 50 866 866
15 51 487 487
15 52 276 276
15 53 572 572
15 54 578 578
15 55 210 210
15 56 300 300
15 57 506 506
15 58 536 536
15 59 284 284
15 60 551 551
15 61 890 890
15 62 192 192
15 63 213 213
15 64 392 392
15 65 30 30
15 66 728 728
15 67 703 703
15 68 809 809
15 69 349 349
15 70 120 120
15 71 134 134
15 72 468 468
15 73 525 525
15 74 113 113
15 75 457 457
15 76 271 271
15 77 218 218
15 78 146 146
15 79 285 285
15 80 852 852
15 81 506 506
15 82 854 854
15 83 103 103
15 84 561 561
15 85 342 342
15 86 193 193
15 87 551 551
15 88 493 493
15 89 721 721
15 90 471 471
15 91 451 451
15 92 707 707
15 93 272 272
15 94 295 295
15 95 295 295
15 96 315 315
15 97 566 566
15 98 256 256
15 99 524 524
15 100 357 357
16 17 477 477
16 18 413 413
16 19 497 497
16 20 781 781
16 21 933 933
16 22 595 595
16 23 613 613
16 24 437 437
16 25 890 890
16 26 728 728
16 27 609 609
16 28 567 567
16 29 708 708
16 30 414 414
16 31 441 441
16 32 357 357
16 33 437 437
16 34 771 771
16 35 515 515
16 36 490 490
16 37 661 661
16 38 956 956
16 39 506 506
16 40 858 858
16 41 588 588
16 42 566 566
16 43 600 600
16 44 936 936
16 45 582 582
16 46 558 558
16 47 25 25
16 48 935 935
16 49 345 345
16 50 895 895
16 51 287 287
16 52 485 485
16 53 545 545
16 54 793 793
16 55 385 385
16 56 402 402
16 57 731 731
16 58 683 683
16 59 456 456
16 60 502 502
16 61 958 958
16 62 471 471
16 63 380 380
16 64 192 192
16 65 292 292
16 66 522 522
16 67 846 846
16 68 816 816
16 69 626 626
16 70 367 367
16 71 410 410
16 72 719 719
16 73 780 780
16 74 351 351
16 75 572 572
16 76 435 435
16 77 457 457
16 78 356 356
16 79 407 407
16 80 953 953
16 81 488 488
16 82 931 931
16 83 177 177
16 84 840 840
16 85 621 621
16 86 294 294
16 87 767 767
16 88 771 771
16 89 522 522
16 90 706 706
16 91 604 604
16 92 746 746
16 93 365 365
16 94 574 574
16 95 217 217
16 96 272 272
16 97 523 523
16 98 416 416
16 99 666 666
16 100 561 561
17 18 234 234
17 19 374 374
17 20 372 372
17 21 632 632
17 22 636 636
17 23 562 562
17 24 364 364
17 25 584 584
17 26 300 300
17 27 498 498
17 28 681 681
17 29 257 257
17 30 322 322
17 31 680 680
17 32 283 283
17 33 604 604
17 34 345 345
17 35 400 400
17 36 197 197
17 37 329 329
17 38 635 635
17 39 671 671
17 40 422 422
17 41 458 458
17 42 478 478
17 43 475 475
17 44 580 580
17 45 248 248
17 46 697 697
17 47 452 452
17 48 539 539
17 49 611 611
17 50 666 666
17 51 509 509
17 52 52 52
17 53 423 423
17 54 339 339
17 55 476 476
17 56 443 443
17 57 298 298
17 58 325 325
17 59 481 481
17 60 434 434
17 61 632 632
17 62 262 262
17 63 480 480
17 64 453 453
17 65 246 246
17 66 711 711
17 67 431 431
17 68 588 588
17 69 322 322
17 70 214 214
17 71 348 348
17 72 347 347
17 73 360 360
17 74 306 306
17 75 311 311
17 76 140 140
17 77 415 415
17 78 334 334
17 79 550 550
17 80 586 586
17 81 399 399
17 82 593 593
17 83 329 329
17 84 479 479
17 85 342 342
17 86 287 287
17 87 312 312
17 88 467 467
17 89 705 705
17 90 352 352
17 91 252 252
17 92 520 520
17 93 538 538
17 94 282 282
17 95 509 509
17 96 531 531
17 97 399 399
17 98 507 507
17 99 253 253
17 100 134 134
18 19 345 345
18 20 539 539
18 21 705 705
18 22 527 527
18 23 446 446
18 24 255 255
18 25 688 688
18 26 528 528
18 27 433 433
18 28 570 570
18 29 490 490
18 30 419 419
18 31 555 555
18 32 263 263
18 33 439 439
18 34 546 546
18 35 347 347
18 36 229 229
18 37 432 432
18 38 724 724
18 39 574 574
18 40 617 617
18 41 400 400
18 42 395 395
18 43 417 417
18 44 696 696
18 45 382 382
18 46 513 513
18 47 395 395
18 48 761 761
18 49 618 618
18 50 675 675
18 51 288 288
18 52 280 280
18 53 364 364
18 54 568 568
18 55 429 429
18 56 519 519
18 57 515 515
18 58 440 440
18 59 488 488
18 60 325 325
18 61 728 728
18 62 359 359
18 63 424 424
18 64 221 221
18 65 206 206
18 66 515 515
18 67 601 601
18 68 606 606
18 69 496 496
18 70 294 294
18 71 365 365
18 72 515 515
18 73 589 589
18 74 210 210
18 75 334 334
18 76 225 225
18 77 448 448
18 78 322 322
18 79 495 495
18 80 711 711
18 81 320 320
18 82 693 693
18 83 339 339
18 84 687 687
18 85 502 502
18 86 221 221
18 87 542 542
18 88 641 641
18 89 540 540
18 90 491 491
18 91 362 362
18 92 520 520
18 93 468 468
18 94 462 462
18 95 471 471
18 96 491 491
18 97 382 382
18 98 480 480
18 99 425 425
18 100 350 350
19 20 429 429
19 21 453 453
19 22 276 276
19 23 212 212
19 24 90 90
19 25 412 412
19 26 612 612
19 27 133 133
19 28 343 343
19 29 546 546
19 30 588 588
19 31 470 470
19 32 231 231
19 33 362 362
19 34 548 548
19 35 26 26
19 36 364 364
19 37 290 290
19 38 480 480
19 39 361 361
19 40 539 539
19 41 98 98
19 42 148 148
19 43 115 115
19 44 485 485
19 45 228 228
19 46 356 356
19 47 472 472
19 48 872 872
19 49 787 787
19 50 424 424
19 51 324 324
19 52 425 425
19 53 49 49
19 54 585 585
19 55 722 722
19 56 729 729
19 57 569 569
19 58 374 374
19 59 780 780
19 60 80 80
19 61 484 484
19 62 601 601
19 63 726 726
19 64 348 348
19 65 502 502
19 66 440 440
19 67 488 488
19 68 328 328
19 69 696 696
19 70 532 532
19 71 651 651
19 72 634 634
19 73 690 690
19 74 468 468
19 75 269 269
19 76 374 374
19 77 732 732
19 78 614 614
19 79 799 799
19 80 512 512
19 81 25 25
19 82 465 465
19 83 504 504
19 84 840 840
19 85 715 715
19 86 508 508
19 87 572 572
19 88 807 807
19 89 394 394
19 90 575 575
19 91 355 355
19 92 267 267
19 93 770 770
19 94 655 655
19 95 673 673
19 96 719 719
19 97 61 61
19 98 780 780
19 99 359 359
19 100 421 421
20 21 351 351
20 22 671 671
20 23 576 576
20 24 464 464
20 25 341 341
20 26 361 361
20 27 552 552
20 28 754 754
20 29 283 283
20 30 612 612
20 31 849 849
20 32 434 434
20 33 741 741
20 34 293 293
20 35 431 431
20 36 315 315
20 37 206 206
20 38 316 316
20 39 779 779
20 40 114 114
20 41 512 512
20 42 479 479
20 43 529 529
20 44 232 232
20 45 287 287
20 46 770 770
20 47 756 756
20 48 587 587
20 49 979 979
20 50 364 364
20 51 729 729
20 52 379 379
20 53 470 470
20 54 253 253
20 55 847 847
20 56 807 807
20 57 293 293
20 58 234 234
20 59 839 839
20 60 509 509
20 61 306 306
20 62 579 579
20 63 848 848
20 64 723 723
20 65 616 616
20 66 825 825
20 67 66 66
20 68 382 382
20 69 576 576
20 70 582 582
20 71 710 710
20 72 415 415
20 73 431 431
20 74 533 533
20 75 220 220
20 76 374 374
20 77 768 768
20 78 703 703
20 79 918 918
20 80 225 225
20 81 404 404
20 82 266 266
20 83 690 690
20 84 612 612
20 85 611 611
20 86 615 615
20 87 262 262
20 88 609 609
20 89 813 813
20 90 335 335
20 91 196 196
20 92 361 361
20 93 908 908
20 94 581 581
20 95 874 874
20 96 900 900
20 97 466 466
20 98 872 872
20 99 119 119
20 100 303 303
21 22 594 594
21 23 499 499
21 24 512 512
21 25 48 48
21 26 690 690
21 27 407 407
21 28 684 684
21 29 614 614
21 30 882 882
21 31 841 841
21 32 597 597
21 33 725 725
21 34 551 551
21 35 427 427
21 36 543 543
21 37 341 341
21 38 46 46
21 39 732 732
21 40 403 403
21 41 403 403
21 42 432 432
21 43 383 383
21 44 143 143
21 45 390 390
21 46 700 700
21 47 908 908
21 48 910 910
21 49 1189 1189
21 50 193 193
21 51 769 769
21 52 659 659
21 53 407 407
21 54 580 580
21 55 1092 1092
21 56 1072 1072
21 57 623 623
21 58 423 423
21 59 1112 1112
21 60 502 502
21 61 59 59
21 62 869 869
21 63 1095 1095
21 64 797 797
21 65 854 854
21 66 774 774
21 67 322 322
21 68 281 281
21 69 893 893
21 70 844 844
21 71 978 978
21 72 743 743
21 73 760 760
21 74 785 785
21 75 433 433
21 76 620 620
21 77 1047 1047
21 78 958 958
21 79 1167 1167
21 80 169 169
21 81 452 452
21 82 97 97
21 83 899 899
21 84 942 942
21 85 924 924
21 86 857 857
21 87 599 599
21 88 938 938
21 89 761 761
21 90 664 664
21 91 480 480
21 92 187 187
21 93 1149 1149
21 94 874 874
21 95 1082 1082
21 96 1119 1119
21 97 443 443
21 98 1133 1133
21 99 418 418
21 100 598 598
22 23 95 95
22 24 272 272
22 25 584 584
22 26 887 887
22 27 256 256
22 28 97 97
22 29 821 821
22 30 851 851
22 31 293 293
22 32 496 496
22 33 188 188
22 34 819 819
22 35 295 295
22 36 553 553
22 37 551 551
22 38 635 635
22 39 160 160
22 40 785 785
22 41 240 240
22 42 194 194
22 43 232 232
22 44 672 672
22 45 495 495
22 46 296 296
22 47 570 570
22 48 1147 1147
22 49 889 889
22 50 526 526
22 51 339 339
22 52 688 688
22 53 325 325
22 54 859 859
22 55 901 901
22 56 921 921
22 57 844 844
22 58 646 646
22 59 975 975
22 60 227 227
22 61 634 634
22 62 848 848
22 63 896 896
22 64 433 433
22 65 700 700
22 66 197 197
22 67 721 721
22 68 463 463
22 69 955 955
22 70 757 757
22 71 859 859
22 72 906 906
22 73 966 966
22 74 700 700
22 75 543 543
22 76 602 602
22 77 942 942
22 78 813 813
22 79 961 961
22 80 701 701
22 81 301 301
22 82 644 644
22 83 671 671
22 84 1112 1112
22 85 969 969
22 86 716 716
22 87 847 847
22 88 1069 1069
22 89 194 194
22 90 850 850
22 91 631 631
22 92 448 448
22 93 928 928
22 94 909 909
22 95 803 803
22 96 857 857
22 97 267 267
22 98 960 960
22 99 628 628
22 100 693 693
23 24 202 202
23 25 489 489
23 26 801 801
23 27 161 161
23 28 185 185
23 29 733 733
23 30 756 756
23 31 347 347
23 32 401 401
23 33 283 283
23 34 728 728
23 35 207 207
23 36 478 478
23 37 456 456
23 38 540 540
23 39 233 233
23 40 690 690
23 41 145 145
23 42 99 99
23 43 137 137
23 44 577 577
23 45 406 406
23 46 201 201
23 47 593 593
23 48 1062 1062
23 49 876 876
23 50 431 431
23 51 326 326
23 52 614 614
23 53 231 231
23 54 768 768
23 55 867 867
23 56 879 879
23 57 757 757
23 58 554 554
23 59 932 932
23 60 132 132
23 61 549 549
23 62 778 778
23 63 862 862
23 64 421 421
23 65 652 652
23 66 276 276
23 67 626 626
23 68 368 368
23 69 883 883
23 70 697 697
23 71 810 810
23 72 825 825
23 73 880 880
23 74 636 636
23 75 467 467
23 76 531 531
23 77 894 894
23 78 768 768
23 79 935 935
23 80 612 612
23 81 234 234
23 82 554 554
23 83 657 657
23 84 1031 1031
23 85 901 901
23 86 666 666
23 87 758 758
23 88 998 998
23 89 263 263
23 90 770 770
23 91 543 543
23 92 359 359
23 93 899 899
23 94 841 841
23 95 782 782
23 96 833 833
23 97 172 172
23 98 924 924
23 99 533 533
23 100 612 612
24 25 480 480
24 26 650 650
24 27 190 190
24 28 325 325
24 29 586 586
24 30 624 624
24 31 396 396
24 32 271 271
24 33 280 280
24 34 571 571
24 35 92 92
24 36 404 404
24 37 330 330
24 38 545 545
24 39 345 345
24 40 578 578
24 41 151 151
24 42 140 140
24 43 166 166
24 44 546 546
24 45 268 268
24 46 333 333
24 47 459 459
24 48 881 881
24 49 746 746
24 50 465 465
24 51 265 265
24 52 416 416
24 53 109 109
24 54 608 608
24 55 675 675
24 56 716 716
24 57 584 584
24 58 407 407
24 59 739 739
24 60 70 70
24 61 546 546
24 62 576 576
24 63 679 679
24 64 285 285
24 65 461 461
24 66 387 387
24 67 525 525
24 68 390 390
24 69 683 683
24 70 497 497
24 71 613 613
24 72 651 651
24 73 699 699
24 74 438 438
24 75 359 359
24 76 414 414
24 77 703 703
24 78 573 573
24 79 749 749
24 80 569 569
24 81 65 65
24 82 533 533
24 83 455 455
24 84 843 843
24 85 699 699
24 86 476 476
24 87 593 593
24 88 828 828
24 89 379 379
24 90 585 585
24 91 397 397
24 92 329 329
24 93 723 723
24 94 639 639
24 95 654 654
24 96 709 709
24 97 127 127
24 98 735 735
24 99 388 388
24 100 448 448
25 26 649 649
25 27 376 376
25 28 674 674
25 29 569 569
25 30 855 855
25 31 812 812
25 32 551 551
25 33 697 697
25 34 506 506
25 35 388 388
25 36 495 495
25 37 312 312
25 38 94 94
25 39 714 714
25 40 369 369
25 41 355 355
25 42 402 402
25 43 352 352
25 44 123 123
25 45 342 342
25 46 688 688
25 47 883 883
25 48 873 873
25 49 1141 1141
25 50 228 228
25 51 733 733
25 52 617 617
25 53 430 430
25 54 541 541
25 55 1045 1045
25 56 1024 1024
25 57 581 581
25 58 392 392
25 59 1064 1064
25 60 467 467
25 61 75 75
25 62 826 826
25 63 1048 1048
25 64 760 760
25 65 806 806
25 66 760 760
25 67 322 322
25 68 297 297
25 69 851 851
25 70 796 796
25 71 930 930
25 72 699 699
25 73 717 717
25 74 738 738
25 75 410 410
25 76 583 583
25 77 999 999
25 78 912 912
25 79 1120 1120
25 80 157 157
25 81 415 415
25 82 75 75
25 83 852 852
25 84 900 900
25 85 878 878
25 86 810 810
25 87 551 551
25 88 894 894
25 89 744 744
25 90 635 635
25 91 434 434
25 92 209 209
25 93 1102 1102
25 94 828 828
25 95 1036 1036
25 96 1073 1073
25 97 395 395
25 98 1085 1085
25 99 387 387
25 100 551 551
26 27 712 712
26 28 953 953
26 29 454 454
26 30 382 382
26 31 967 967
26 32 463 463
26 33 885 885
26 34 153 153
26 35 595 595
26 36 344 344
26 37 401 401
26 38 673 673
26 39 946 946
26 40 322 322
26 41 673 673
26 42 707 707
26 43 688 688
26 44 588 588
26 45 408 408
26 46 954 954
26 47 710 710
26 48 261 261
26 49 817 817
26 50 723 723
26 51 800 800
26 52 248 248
26 53 628 628
26 54 135 135
26 55 642 642
26 56 589 589
26 57 68 68
26 58 301 301
26 59 613 613
26 60 692 692
26 61 665 665
26 62 343 343
26 63 641 641
26 64 749 749
26 65 471 471
26 66 988 988
26 67 386 386
26 68 716 716
26 69 250 250
26 70 394 394
26 71 497 497
26 72 62 62
26 73 79 79
26 74 383 383
26 75 351 351
26 76 336 336
26 77 513 513
26 78 517 517
26 79 698 698
26 80 573 573
26 81 587 587
26 82 626 626
26 83 581 581
26 84 253 253
26 85 285 285
26 86 460 460
26 87 109 109
26 88 249 249
26 89 980 980
26 90 122 122
26 91 263 263
26 92 595 595
26 93 703 703
26 94 262 262
26 95 727 727
26 96 732 732
26 97 630 630
26 98 646 646
26 99 343 343
26 100 202 202
27 28 303 303
27 29 640 640
27 30 717 717
27 31 498 498
27 32 360 360
27 33 383 383
27 34 626 626
27 35 135 135
27 36 402 402
27 37 349 349
27 38 444 444
27 39 386 386
27 40 576 576
27 41 40 40
27 42 74 74
27 43 24 24
27 44 486 486
27 45 344 344
27 46 360 360
27 47 585 585
27 48 971 971
27 49 896 896
27 50 328 328
27 51 392 392
27 52 547 547
27 53 177 177
27 54 665 665
27 55 855 855
27 56 862 862
27 57 662 662
27 58 445 445
27 59 912 912
27 60 131 131
27 61 437 437
27 62 731 731
27 63 857 857
27 64 441 441
27 65 634 634
27 66 432 432
27 67 510 510
27 68 255 255
27 69 819 819
27 70 661 661
27 71 784 784
27 72 740 740
27 73 791 791
27 74 600 600
27 75 361 361
27 76 468 468
27 77 865 865
27 78 747 747
27 79 928 928
27 80 494 494
27 81 158 158
27 82 441 441
27 83 637 637
27 84 950 950
27 85 840 840
27 86 641 641
27 87 658 658
27 88 918 918
27 89 378 378
27 90 676 676
27 91 449 449
27 92 246 246
27 93 901 901
27 94 780 780
27 95 802 802
27 96 844 844
27 97 110 110
27 98 912 912
27 99 433 433
27 100 532 532
28 29 884 884
28 30 835 835
28 31 208 208
28 32 572 572
28 33 134 134
28 34 890 890
28 35 369 369
28 36 613 613
28 37 633 633
28 38 721 721
28 39 257 257
28 40 868 868
28 41 326 326
28 42 276 276
28 43 322 322
28 44 761 761
28 45 568 568
28 46 386 386
28 47 549 549
28 48 1205 1205
28 49 862 862
28 50 608 608
28 51 282 282
28 52 733 733
28 53 346 346
28 54 927 927
28 55 889 889
28 56 936 936
28 57 909 909
28 58 717 717
28 59 979 979
28 60 265 265
28 61 731 731
28 62 869 869
28 63 894 894
28 64 375 375
28 65 723 723
28 66 241 241
28 67 806 806
28 68 512 512
28 69 992 992
28 70 775 775
28 71 869 869
28 72 960 960
28 73 1024 1024
28 74 720 720
28 75 611 611
28 76 646 646
28 77 965 965
28 78 821 821
28 79 951 951
28 80 796 796
28 81 366 366
28 82 727 727
28 83 670 670
28 84 1160 1160
28 85 1005 1005
28 86 729 729
28 87 914 914
28 88 1137 1137
28 89 235 235
28 90 909 909
28 91 697 697
28 92 544 544
28 93 919 919
28 94 945 945
28 95 782 782
28 96 836 836
28 97 334 334
28 98 956 956
28 99 700 700
28 100 755 755
29 30 400 400
29 31 925 925
29 32 421 421
29 33 829 829
29 34 468 468
29 35 527 527
29 36 288 288
29 37 312 312
29 38 599 599
29 39 886 886
29 40 257 257
29 41 601 601
29 42 637 637
29 43 616 616
29 44 515 515
29 45 336 336
29 46 893 893
29 47 690 690
29 48 332 332
29 49 825 825
29 50 642 642
29 51 754 754
29 52 309 309
29 53 558 558
29 54 484 484
29 55 661 661
29 56 601 601
29 57 405 405
29 58 216 216
29 59 655 655
29 60 620 620
29 61 589 589
29 62 355 355
29 63 661 661
29 64 706 706
29 65 490 490
29 66 933 933
29 67 339 339
29 68 638 638
29 69 306 306
29 70 400 400
29 71 549 549
29 72 512 512
29 73 508 508
29 74 377 377
29 75 279 279
29 76 286 286
29 77 546 546
29 78 523 523
29 79 723 723
29 80 499 499
29 81 521 521
29 82 545 545
29 83 567 567
29 84 332 332
29 85 341 341
29 86 459 459
29 87 453 453
29 88 352 352
29 89 920 920
29 90 418 418
29 91 191 191
29 92 511 511
29 93 723 723
29 94 307 307
29 95 755 755
29 96 748 748
29 97 561 561
29 98 667 667
29 99 271 271
29 100 309 309
30 31 774 774
30 32 357 357
30 33 730 730
30 34 487 487
30 35 583 583
30 36 415 415
30 37 543 543
30 38 885 885
30 39 804 804
30 40 657 657
30 41 678 678
30 42 687 687
30 43 696 696
30 44 826 826
30 45 553 553
30 46 838 838
30 47 406 406
30 48 536 536
30 49 435 435
30 50 915 915
30 51 599 599
30 52 270 270
30 53 625 625
30 54 492 492
30 55 261 261
30 56 306 306
30 57 421 421
30 58 501 501
30 59 312 312
30 60 624 624
30 61 882 882
30 62 60 60
30 63 266 266
30 64 514 514
30 65 254 254
30 66 837 837
30 67 661 661
30 68 834 834
30 69 214 214
30 70 344 344
30 71 340 340
30 72 341 341
30 73 412 412
30 74 209 209
30 75 499 499
30 76 358 358
30 77 165 165
30 78 339 339
30 79 323 323
30 80 826 826
30 81 563 563
30 82 846 846
30 83 355 355
30 84 429 429
30 85 210 210
30 86 279 279
30 87 468 468
30 88 359 359
30 89 831 831
30 90 367 367
30 91 452 452
30 92 745 745
30 93 323 323
30 94 163 163
30 95 459 459
30 96 352 352
30 97 612 612
30 98 285 285
30 99 493 493
30 100 352 352
31 32 504 504
31 33 116 116
31 34 943 943
31 35 463 463
31 36 637 637
31 37 717 717
31 38 879 879
31 39 133 133
31 40 959 959
31 41 458 458
31 42 445 445
31 43 484 484
31 44 904 904
31 45 641 641
31 46 548 548
31 47 416 416
31 48 1216 1216
31 49 736 736
31 50 776 776
31 51 267 267
31 52 730 730
31 53 458 458
31 54 983 983
31 55 821 821
31 56 818 818
31 57 945 945
31 58 789 789
31 59 872 872
31 60 414 414
31 61 887 887
31 62 818 818
31 63 821 821
31 64 361 361
31 65 637 637
31 66 223 223
31 67 909 909
31 68 680 680
31 69 962 962
31 70 715 715
31 71 788 788
31 72 968 968
31 73 1040 1040
31 74 670 670
31 75 688 688
31 76 645 645
31 77 872 872
31 78 747 747
31 79 829 829
31 80 934 934
31 81 445 445
31 82 886 886
31 83 618 618
31 84 1150 1150
31 85 968 968
31 86 700 700
31 87 966 966
31 88 1095 1095
31 89 167 167
31 90 932 932
31 91 767 767
31 92 680 680
31 93 783 783
31 94 908 908
31 95 639 639
31 96 703 703
31 97 436 436
31 98 849 849
31 99 770 770
31 100 779 779
32 33 488 488
32 34 454 454
32 35 229 229
32 36 133 133
32 37 307 307
32 38 625 625
32 39 592 592
32 40 519 519
32 41 324 324
32 42 330 330
32 43 341 341
32 44 586 586
32 45 226 226
32 46 587 587
32 47 332 332
32 48 714 714
32 49 593 593
32 50 627 627
32 51 337 337
32 52 231 231
32 53 270 270
32 54 485 485
32 55 507 507
32 56 507 507
32 57 441 441
32 58 333 333
32 59 554 554
32 60 311 311
32 61 623 623
32 62 377 377
32 63 512 512
32 64 432 432
32 65 274 274
32 66 530 530
32 67 492 492
32 68 531 531
32 69 489 489
32 70 301 301
32 71 428 428
32 72 466 466
32 73 542 542
32 74 240 240
32 75 247 247
32 76 143 143
32 77 506 506
32 78 390 390
32 79 584 584
32 80 599 599
32 81 206 206
32 82 582 582
32 83 302 302
32 84 658 658
32 85 502 502
32 86 284 284
32 87 462 462
32 88 634 634
32 89 589 589
32 90 428 428
32 91 264 264
32 92 414 414
32 93 561 561
32 94 442 442
32 95 539 539
32 96 523 523
32 97 264 264
32 98 559 559
32 99 315 315
32 100 275 275
33 34 848 848
33 35 347 347
33 36 621 621
33 37 609 609
33 38 771 771
33 39 135 135
33 40 851 851
33 41 343 343
33 42 382 382
33 43 407 407
33 44 789 789
33 45 537 537
33 46 484 484
33 47 418 418
33 48 1138 1138
33 49 731 731
33 50 661 661
33 51 151 151
33 52 656 656
33 53 342 342
33 54 884 884
33 55 759 759
33 56 802 802
33 57 864 864
33 58 687 687
33 59 856 856
33 60 350 350
33 61 771 771
33 62 768 768
33 63 764 764
33 64 245 245
33 65 600 600
33 66 107 107
33 67 800 800
33 68 582 582
33 69 901 901
33 70 670 670
33 71 755 755
33 72 890 890
33 73 958 958
33 74 641 641
33 75 572 572
33 76 623 623
33 77 839 839
33 78 704 704
33 79 833 833
33 80 819 819
33 81 337 337
33 82 770 770
33 83 548 548
33 84 1081 1081
33 85 911 911
33 86 617 617
33 87 867 867
33 88 1030 1030
33 89 101 101
33 90 848 848
33 91 651 651
33 92 564 564
33 93 788 788
33 94 851 851
33 95 650 650
33 96 705 705
33 97 382 382
33 98 831 831
33 99 668 668
33 100 683 683
34 35 525 525
34 36 393 393
34 37 281 281
34 38 527 527
34 39 900 900
34 40 315 315
34 41 590 590
34 42 639 639
34 43 602 602
34 44 438 438
34 45 325 325
34 46 900 900
34 47 763 763
34 48 367 367
34 49 906 906
34 50 581 581
34 51 787 787
34 52 293 293
34 53 558 558
34 54 40 40
34 55 748 748
34 56 691 691
34 57 88 88
34 58 253 253
34 59 710 710
34 60 625 625
34 61 517 517
34 62 445 445
34 63 752 752
34 64 749 749
34 65 573 573
34 66 953 953
34 67 233 233
34 68 592 592
34 69 395 395
34 70 483 483
34 71 611 611
34 72 214 214
34 73 226 226
34 74 453 453
34 75 279 279
34 76 381 381
34 77 636 636
34 78 606 606
34 79 810 810
34 80 421 421
34 81 528 528
34 82 473 473
34 83 668 668
34 84 396 396
34 85 430 430
34 86 556 556
34 87 71 71
34 88 402 402
34 89 934 934
34 90 140 140
34 91 277 277
34 92 471 471
34 93 809 809
34 94 401 401
34 95 838 838
34 96 824 824
34 97 559 559
34 98 757 757
34 99 197 197
34 100 277 277
35 36 341 341
35 37 265 265
35 38 473 473
35 39 385 385
35 40 541 541
35 41 95 95
35 42 145 145
35 43 141 141
35 44 459 459
35 45 230 230
35 46 377 377
35 47 498 498
35 48 856 856
35 49 789 789
35 50 398 398
35 51 349 349
35 52 427 427
35 53 42 42
35 54 565 565
35 55 735 735
35 56 734 734
35 57 550 550
35 58 365 365
35 59 783 783
35 60 106 106
35 61 463 463
35 62 603 603
35 63 735 735
35 64 374 374
35 65 503 503
35 66 452 452
35 67 463 463
35 68 302 302
35 69 688 688
35 70 529 529
35 71 656 656
35 72 636 636
35 73 674 674
35 74 465 465
35 75 295 295
35 76 372 372
35 77 735 735
35 78 618 618
35 79 806 806
35 80 486 486
35 81 27 27
35 82 441 441
35 83 515 515
35 84 826 826
35 85 707 707
35 86 512 512
35 87 552 552
35 88 809 809
35 89 419 419
35 90 563 563
35 91 336 336
35 92 293 293
35 93 781 781
35 94 657 657
35 95 686 686
35 96 745 745
35 97 35 35
35 98 786 786
35 99 333 333
35 100 423 423
36 37 212 212
36 38 550 550
36 39 603 603
36 40 429 429
36 41 362 362
36 42 386 386
36 43 379 379
36 44 502 502
36 45 153 153
36 46 613 613
36 47 465 465
36 48 599 599
36 49 668 668
36 50 581 581
36 51 470 470
36 52 145 145
36 53 383 383
36 54 362 362
36 55 553 553
36 56 530 530
36 57 379 379
36 58 235 235
36 59 570 570
36 60 348 348
36 61 547 547
36 62 355 355
36 63 555 555
36 64 428 428
36 65 315 315
36 66 645 645
36 67 380 380
36 68 495 495
36 69 417 417
36 70 405 405
36 71 436 436
36 72 355 355
36 73 418 418
36 74 243 243
36 75 114 114
36 76 233 233
36 77 508 508
36 78 417 417
36 79 627 627
36 80 510 510
36 81 339 339
36 82 511 511
36 83 378 378
36 84 561 561
36 85 439 439
36 86 343 343
36 87 331 331
36 88 528 528
36 89 637 637
36 90 429 429
36 91 202 202
36 92 374 374
36 93 612 612
36 94 380 380
36 95 580 580
36 96 594 594
36 97 306 306
36 98 595 595
36 99 196 196
36 100 142 142
37 38 342 342
37 39 650 650
37 40 280 280
37 41 313 313
37 42 358 358
37 43 325 325
37 44 291 291
37 45 81 81
37 46 641 641
37 47 636 636
37 48 640 640
37 49 878 878
37 50 386 386
37 51 583 583
37 52 318 318
37 53 307 307
37 54 321 321
37 55 764 764
37 56 736 736
37 57 333 333
37 58 100 100
37 59 774 774
37 60 370 370
37 61 339 339
37 62 528 528
37 63 766 766
37 64 574 574
37 65 526 526
37 66 697 697
37 67 198 198
37 68 329 329
37 69 561 561
37 70 507 507
37 71 643 643
37 72 441 441
37 73 467 467
37 74 455 455
37 75 98 98
37 76 325 325
37 77 708 708
37 78 626 626
37 79 839 839
37 80 300 300
37 81 272 272
37 82 318 318
37 83 590 590
37 84 642 642
37 85 596 596
37 86 528 528
37 87 317 317
37 88 628 628
37 89 684 684
37 90 357 357
37 91 144 144
37 92 202 202
37 93 823 823
37 94 537 537
37 95 773 773
37 96 805 805
37 97 300 300
37 98 800 800
37 99 87 87
37 100 262 262
38 39 773 773
38 40 376 376
38 41 449 449
38 42 470 470
38 43 420 420
38 44 97 97
38 45 399 399
38 46 741 741
38 47 931 931
38 48 882 882
38 49 1204 1204
38 50 147 147
38 51 802 802
38 52 659 659
38 53 453 453
38 54 559 559
38 55 1102 1102
38 56 1078 1078
38 57 608 608
38 58 406 406
38 59 1116 1116
38 60 536 536
38 61 102 102
38 62 869 869
38 63 1105 1105
38 64 827 827
38 65 863 863
38 66 816 816
38 67 297 297
38 68 243 243
38 69 885 885
38 70 849 849
38 71 983 983
38 72 728 728
38 73 740 740
38 74 792 792
38 75 440 440
38 76 626 626
38 77 1050 1050
38 78 966 966
38 79 1177 1177
38 80 215 215
38 81 480 480
38 82 62 62
38 83 927 927
38 84 923 923
38 85 916 916
38 86 867 867
38 87 572 572
38 88 922 922
38 89 802 802
38 90 651 651
38 91 477 477
38 92 233 233
38 93 1160 1160
38 94 868 868
38 95 1099 1099
38 96 1135 1135
38 97 463 463
38 98 1140 1140
38 99 401 401
38 100 594 594
39 40 891 891
39 41 362 362
39 42 312 312
39 43 362 362
39 44 806 806
39 45 584 584
39 46 434 434
39 47 531 531
39 48 1201 1201
39 49 851 851
39 50 664 664
39 51 286 286
39 52 721 721
39 53 372 372
39 54 937 937
39 55 887 887
39 56 908 908
39 57 911 911
39 58 733 733
39 59 932 932
39 60 281 281
39 61 782 782
39 62 849 849
39 63 886 886
39 64 380 380
39 65 675 675
39 66 242 242
39 67 835 835
39 68 593 593
39 69 985 985
39 70 765 765
39 71 830 830
39 72 954 954
39 73 1020 1020
39 74 708 708
39 75 627 627
39 76 633 633
39 77 914 914
39 78 791 791
39 79 913 913
39 80 839 839
39 81 386 386
39 82 779 779
39 83 682 682
39 84 1148 1148
39 85 981 981
39 86 692 692
39 87 921 921
39 88 1129 1129
39 89 34 34
39 90 908 908
39 91 704 704
39 92 584 584
39 93 871 871
39 94 931 931
39 95 723 723
39 96 778 778
39 97 357 357
39 98 907 907
39 99 716 716
39 100 744 744
40 41 545 545
40 42 593 593
40 43 594 594
40 44 287 287
40 45 360 360
40 46 884 884
40 47 835 835
40 48 507 507
40 49 1032 1032
40 50 450 450
40 51 819 819
40 52 455 455
40 53 545 545
40 54 336 336
40 55 886 886
40 56 843 843
40 57 257 257
40 58 250 250
40 59 862 862
40 60 619 619
40 61 365 365
40 62 597 597
40 63 887 887
40 64 800 800
40 65 667 667
40 66 939 939
40 67 82 82
40 68 483 483
40 69 563 563
40 70 618 618
40 71 740 740
40 72 384 384
40 73 376 376
40 74 600 600
40 75 334 334
40 76 434 434
40 77 788 788
40 78 741 741
40 79 953 953
40 80 259 259
40 81 514 514
40 82 329 329
40 83 750 750
40 84 559 559
40 85 598 598
40 86 674 674
40 87 305 305
40 88 568 568
40 89 925 925
40 90 311 311
40 91 255 255
40 92 372 372
40 93 948 948
40 94 562 562
40 95 931 931
40 96 952 952
40 97 561 561
40 98 903 903
40 99 233 233
40 100 373 373
41 42 50 50
41 43 64 64
41 44 446 446
41 45 304 304
41 46 341 341
41 47 568 568
41 48 932 932
41 49 870 870
41 50 330 330
41 51 385 385
41 52 507 507
41 53 137 137
41 54 630 630
41 55 820 820
41 56 827 827
41 57 624 624
41 58 409 409
41 59 877 877
41 60 171 171
41 61 430 430
41 62 691 691
41 63 824 824
41 64 436 436
41 65 598 598
41 66 408 408
41 67 482 482
41 68 239 239
41 69 779 779
41 70 624 624
41 71 749 749
41 72 700 700
41 73 752 752
41 74 560 560
41 75 322 322
41 76 428 428
41 77 829 829
41 78 711 711
41 79 895 895
41 80 477 477
41 81 122 122
41 82 430 430
41 83 602 602
41 84 911 911
41 85 800 800
41 86 606 606
41 87 620 620
41 88 878 878
41 89 395 395
41 90 637 637
41 91 410 410
41 92 286 286
41 93 868 868
41 94 740 740
41 95 769 769
41 96 816 816
41 97 70 70
41 98 878 878
41 99 393 393
41 100 492 492
42 43 50 50
42 44 496 496
42 45 354 354
42 46 291 291
42 47 541 541
42 48 968 968
42 49 861 861
42 50 373 373
42 51 346 346
42 52 528 528
42 53 187 187
42 54 669 669
42 55 815 815
42 56 827 827
42 57 660 660
42 58 458 458
42 59 877 877
42 60 176 176
42 61 477 477
42 62 704 704
42 63 819 819
42 64 425 425
42 65 601 601
42 66 358 358
42 67 530 530
42 68 281 281
42 69 800 800
42 70 631 631
42 71 752 752
42 72 731 731
42 73 786 786
42 74 570 570
42 75 372 372
42 76 473 473
42 77 836 836
42 78 711 711
42 79 889 889
42 80 527 527
42 81 172 172
42 82 467 467
42 83 595 595
42 84 940 940
42 85 819 819
42 86 608 608
42 87 659 659
42 88 905 905
42 89 346 346
42 90 673 673
42 91 446 446
42 92 272 272
42 93 860 860
42 94 760 760
42 95 754 754
42 96 803 803
42 97 120 120
42 98 875 875
42 99 443 443
42 100 528 528
43 44 465 465
43 45 338 338
43 46 336 336
43 47 587 587
43 48 947 947
43 49 884 884
43 50 323 323
43 51 392 392
43 52 524 524
43 53 164 164
43 54 642 642
43 55 837 837
43 56 844 844
43 57 638 638
43 58 422 422
43 59 893 893
43 60 126 126
43 61 427 427
43 62 711 711
43 63 840 840
43 64 436 436
43 65 612 612
43 66 408 408
43 67 517 517
43 68 231 231
43 69 796 796
43 70 642 642
43 71 766 766
43 72 716 716
43 73 767 767
43 74 578 578
43 75 337 337
43 76 445 445
43 77 846 846
43 78 728 728
43 79 912 912
43 80 478 478
43 81 135 135
43 82 417 417
43 83 618 618
43 84 926 926
43 85 817 817
43 86 623 623
43 87 634 634
43 88 894 894
43 89 392 392
43 90 652 652
43 91 425 425
43 92 222 222
43 93 884 884
43 94 757 757
43 95 784 784
43 96 831 831
43 97 134 134
43 98 894 894
43 99 412 412
43 100 508 508
44 45 360 360
44 46 778 778
44 47 918 918
44 48 789 789
44 49 1167 1167
44 50 200 200
44 51 808 808
44 52 598 598
44 53 476 476
44 54 468 468
44 55 1054 1054
44 56 1023 1023
44 57 520 520
44 58 328 328
44 59 1059 1059
44 60 558 558
44 61 85 85
44 62 804 804
44 63 1056 1056
44 64 823 823
44 65 817 817
44 66 853 853
44 67 205 205
44 68 272 272
44 69 808 808
44 70 794 794
44 71 928 928
44 72 645 645
44 73 658 658
44 74 740 740
44 75 388 388
44 76 575 575
44 77 990 990
44 78 914 914
44 79 1128 1128
44 80 275 275
44 81 486 486
44 82 48 48
44 83 876 876
44 84 833 833
44 85 841 841
44 86 819 819
44 87 494 494
44 88 837 837
44 89 840 840
44 90 567 567
44 91 417 417
44 92 258 258
44 93 1114 1114
44 94 797 797
44 95 1062 1062
44 96 1095 1095
44 97 494 494
44 98 1087 1087
44 99 351 351
44 100 527 527
45 46 578 578
45 47 558 558
45 48 667 667
45 49 808 808
45 50 431 431
45 51 504 504
45 52 283 283
45 53 269 269
45 54 365 365
45 55 703 703
45 56 683 683
45 57 357 357
45 58 151 151
45 59 723 723
45 60 303 303
45 61 397 397
45 62 493 493
45 63 706 706
45 64 493 493
45 65 464 464
45 66 628 628
45 67 278 278
45 68 342 342
45 69 545 545
45 70 462 462
45 71 589 589
45 72 470 470
45 73 487 487
45 74 396 396
45 75 179 179
45 76 326 326
45 77 661 661
45 78 570 570
45 79 779 779
45 80 373 373
45 81 203 203
45 82 363 363
45 83 528 528
45 84 652 652
45 85 571 571
45 86 468 468
45 87 396 396
45 88 626 626
45 89 618 618
45 90 372 372
45 91 145 145
45 92 279 279
45 93 765 765
45 94 518 518
45 95 713 713
45 96 737 737
45 97 234 234
45 98 744 744
45 99 168 168
45 100 263 263
46 47 542 542
46 48 1212 1212
46 49 854 854
46 50 632 632
46 51 464 464
46 52 739 739
46 53 359 359
46 54 938 938
46 55 880 880
46 56 952 952
46 57 917 917
46 58 729 729
46 59 976 976
46 60 276 276
46 61 750 750
46 62 870 870
46 63 885 885
46 64 369 369
46 65 712 712
46 66 477 477
46 67 821 821
46 68 567 567
46 69 996 996
46 70 801 801
46 71 872 872
46 72 967 967
46 73 1031 1031
46 74 723 723
46 75 622 622
46 76 651 651
46 77 954 954
46 78 819 819
46 79 957 957
46 80 812 812
46 81 381 381
46 82 744 744
46 83 667 667
46 84 1166 1166
46 85 1006 1006
46 86 728 728
46 87 925 925
46 88 1119 1119
46 89 464 464
46 90 917 917
46 91 706 706
46 92 558 558
46 93 910 910
46 94 948 948
46 95 775 775
46 96 829 829
46 97 373 373
46 98 953 953
46 99 710 710
46 100 755 755
47 48 920 920
47 49 320 320
47 50 888 888
47 51 267 267
47 52 470 470
47 53 521 521
47 54 773 773
47 55 405 405
47 56 427 427
47 57 716 716
47 58 660 660
47 59 461 461
47 60 484 484
47 61 938 938
47 62 461 461
47 63 405 405
47 64 174 174
47 65 267 267
47 66 525 525
47 67 822 822
47 68 792 792
47 69 616 616
47 70 356 356
47 71 385 385
47 72 705 705
47 73 765 765
47 74 336 336
47 75 549 549
47 76 415 415
47 77 458 458
47 78 331 331
47 79 416 416
47 80 928 928
47 81 497 497
47 82 906 906
47 83 202 202
47 84 830 830
47 85 610 610
47 86 284 284
47 87 752 752
47 88 761 761
47 89 509 509
47 90 686 686
47 91 581 581
47 92 721 721
47 93 370 370
47 94 563 563
47 95 233 233
47 96 287 287
47 97 498 498
47 98 434 434
47 99 647 647
47 100 536 536
48 49 956 956
48 50 948 948
48 51 1044 1044
48 52 487 487
48 53 889 889
48 54 356 356
48 55 768 768
48 56 686 686
48 57 320 320
48 58 548 548
48 59 676 676
48 60 944 944
48 61 872 872
48 62 476 476
48 63 765 765
48 64 982 982
48 65 660 660
48 66 1243 1243
48 67 589 589
48 68 959 959
48 69 343 343
48 70 603 603
48 71 614 614
48 72 248 248
48 73 182 182
48 74 584 584
48 75 610 610
48 76 571 571
48 77 604 604
48 78 651 651
48 79 804 804
48 80 766 766
48 81 848 848
48 82 830 830
48 83 765 765
48 84 218 218
48 85 360 360
48 86 644 644
48 87 325 325
48 88 201 201
48 89 1234 1234
48 90 298 298
48 91 522 522
48 92 833 833
48 93 824 824
48 94 397 397
48 95 888 888
48 96 875 875
48 97 890 890
48 98 738 738
48 99 553 553
48 100 457 457
49 50 1158 1158
49 51 580 580
49 52 617 617
49 53 828 828
49 54 922 922
49 55 212 212
49 56 281 281
49 57 843 843
49 58 872 872
49 59 308 308
49 60 769 769
49 61 1204 1204
49 62 492 492
49 63 212 212
49 64 494 494
49 65 424 424
49 66 811 811
49 67 1040 1040
49 68 1090 1090
49 69 629 629
49 70 477 477
49 71 343 343
49 72 773 773
49 73 844 844
49 74 455 455
49 75 782 782
49 76 608 608
49 77 361 361
49 78 354 354
49 79 184 184
49 80 1178 1178
49 81 762 762
49 82 1170 1170
49 83 291 291
49 84 835 835
49 85 615 615
49 86 412 412
49 87 891 891
49 88 763 763
49 89 829 829
49 90 798 798
49 91 788 788
49 92 1002 1002
49 93 150 150
49 94 585 585
49 95 266 266
49 96 166 166
49 97 818 818
49 98 243 243
49 99 862 862
49 100 699 699
50 51 714 714
50 52 687 687
50 53 440 440
50 54 617 617
50 55 1074 1074
50 56 1061 1061
50 57 655 655
50 58 426 426
50 59 1103 1103
50 60 446 446
50 61 197 197
50 62 881 881
50 63 1077 1077
50 64 750 750
50 65 836 836
50 66 705 705
50 67 400 400
50 68 96 96
50 69 906 906
50 70 835 835
50 71 969 969
50 72 767 767
50 73 789 789
50 74 777 777
50 75 484 484
50 76 611 611
50 77 1041 1041
50 78 945 945
50 79 1150 1150
50 80 238 238
50 81 424 424
50 82 153 153
50 83 873 873
50 84 970 970
50 85 935 935
50 86 841 841
50 87 626 626
50 88 963 963
50 89 692 692
50 90 690 690
50 91 489 489
50 92 223 223
50 93 1130 1130
50 94 883 883
50 95 1083 1083
50 96 1094 1094
50 97 392 392
50 98 1119 1119
50 99 422 422
50 100 605 605
51 52 558 558
51 53 362 362
51 54 820 820
51 55 609 609
51 56 655 655
51 57 778 778
51 58 646 646
51 59 709 709
51 60 335 335
51 61 807 807
51 62 641 641
51 63 614 614
51 64 95 95
51 65 464 464
51 66 258 258
51 67 781 781
51 68 623 623
51 69 783 783
51 70 540 540
51 71 613 613
51 72 798 798
51 73 869 869
51 74 494 494
51 75 525 525
51 76 475 475
51 77 694 694
51 78 565 565
51 79 682 682
51 80 834 834
51 81 330 330
51 82 789 789
51 83 402 402
51 84 975 975
51 85 790 790
51 86 494 494
51 87 799 799
51 88 919 919
51 89 252 252
51 90 765 765
51 91 592 592
51 92 591 591
51 93 637 637
51 94 744 744
51 95 500 500
51 96 554 554
51 97 339 339
51 98 683 683
51 99 626 626
51 100 600 600
52 53 455 455
52 54 311 311
52 55 471 471
52 56 428 428
52 57 246 246
52 58 273 273
52 59 461 461
52 60 485 485
52 61 655 655
52 62 210 210
52 63 472 472
52 64 501 501
52 65 298 298
52 66 761 761
52 67 439 439
52 68 625 625
52 69 289 289
52 70 266 266
52 71 331 331
52 72 295 295
52 73 327 327
52 74 254 254
52 75 259 259
52 76 88 88
52 77 392 392
52 78 326 326
52 79 540 540
52 80 598 598
52 81 400 400
52 82 614 614
52 83 379 379
52 84 427 427
52 85 295 295
52 86 315 315
52 87 282 282
52 88 424 424
52 89 754 754
52 90 300 300
52 91 200 200
52 92 505 505
52 93 533 533
52 94 235 235
52 95 559 559
52 96 556 556
52 97 451 451
52 98 494 494
52 99 265 265
52 100 82 82
53 54 595 595
53 55 771 771
53 56 775 775
53 57 581 581
53 58 375 375
53 59 824 824
53 60 99 99
53 61 445 445
53 62 642 642
53 63 773 773
53 64 394 394
53 65 543 543
53 66 418 418
53 67 463 463
53 68 344 344
53 69 728 728
53 70 571 571
53 71 695 695
53 72 657 657
53 73 707 707
53 74 507 507
53 75 279 279
53 76 376 376
53 77 776 776
53 78 659 659
53 79 845 845
53 80 528 528
53 81 66 66
53 82 428 428
53 83 553 553
53 84 863 863
53 85 748 748
53 86 553 553
53 87 583 583
53 88 830 830
53 89 406 406
53 90 592 592
53 91 367 367
53 92 316 316
53 93 819 819
53 94 690 690
53 95 722 722
53 96 768 768
53 97 77 77
53 98 827 827
53 99 375 375
53 100 444 444
54 55 753 753
54 56 692 692
54 57 79 79
54 58 290 290
54 59 711 711
54 60 662 662
54 61 549 549
54 62 446 446
54 63 753 753
54 64 779 779
54 65 559 559
54 66 981 981
54 67 273 273
54 68 630 630
54 69 385 385
54 70 492 492
54 71 598 598
54 72 197 197
54 73 214 214
54 74 469 469
54 75 316 316
54 76 390 390
54 77 633 633
54 78 613 613
54 79 815 815
54 80 461 461
54 81 568 568
54 82 506 506
54 83 668 668
54 84 365 365
54 85 419 419
54 86 551 551
54 87 31 31
54 88 384 384
54 89 971 971
54 90 132 132
54 91 293 293
54 92 508 508
54 93 815 815
54 94 392 392
54 95 824 824
54 96 835 835
54 97 599 599
54 98 758 758
54 99 237 237
54 100 237 237
55 56 90 90
55 57 679 679
55 58 740 740
55 59 138 138
55 60 745 745
55 61 1099 1099
55 62 321 321
55 63 5 5
55 64 514 514
55 65 240 240
55 66 854 854
55 67 906 906
55 68 1016 1016
55 69 449 449
55 70 268 268
55 71 166 166
55 72 599 599
55 73 667 667
55 74 319 319
55 75 667 667
55 76 481 481
55 77 211 211
55 78 145 145
55 79 78 78
55 80 1059 1059
55 81 713 713
55 82 1064 1064
55 83 278 278
55 84 644 644
55 85 418 418
55 86 236 236
55 87 722 722
55 88 572 572
55 89 853 853
55 90 628 628
55 91 651 651
55 92 915 915
55 93 62 62
55 94 402 402
55 95 198 198
55 96 118 118
55 97 751 751
55 98 76 76
55 99 729 729
55 100 551 551
56 57 614 614
56 58 701 701
56 59 54 54
56 60 786 786
56 61 1075 1075
56 62 246 246
56 63 95 95
56 64 594 594
56 65 319 319
56 66 909 909
56 67 865 865
56 68 1008 1008
56 69 359 359
56 70 229 229
56 71 229 229
56 72 527 527
56 73 588 588
56 74 383 383
56 75 640 640
56 76 453 453
56 77 201 201
56 78 220 220
56 79 125 125
56 80 1026 1026
56 81 709 709
56 82 1036 1036
56 83 355 355
56 84 558 558
56 85 382 382
56 86 302 302
56 87 661 661
56 88 486 486
56 89 903 903
56 90 563 563
56 91 615 615
56 92 901 901
56 93 138 138
56 94 349 349
56 95 281 281
56 96 208 208
56 97 758 758
56 98 66 66
56 99 693 693
56 100 510 510
57 58 233 233
57 59 632 632
57 60 648 648
57 61 598 598
57 62 408 408
57 63 677 677
57 64 736 736
57 65 501 501
57 66 962 962
57 67 321 321
57 68 654 654
57 69 309 309
57 70 427 427
57 71 525 525
57 72 127 127
57 73 138 138
57 74 397 397
57 75 302 302
57 76 311 311
57 77 555 555
57 78 534 534
57 79 737 737
57 80 509 509
57 81 546 546
57 82 558 558
57 83 600 600
57 84 319 319
57 85 344 344
57 86 479 479
57 87 48 48
57 88 317 317
57 89 945 945
57 90 54 54
57 91 214 214
57 92 527 527
57 93 739 739
57 94 315 315
57 95 751 751
57 96 760 760
57 97 585 585
57 98 680 680
57 99 285 285
57 100 270 270
58 59 734 734
58 60 454 454
58 61 396 396
58 62 476 476
58 63 742 742
58 64 623 623
58 65 510 510
58 66 779 779
58 67 168 168
58 68 422 422
58 69 486 486
58 70 475 475
58 71 604 604
58 72 341 341
58 73 371 371
58 74 426 426
58 75 121 121
58 76 270 270
58 77 664 664
58 78 596 596
58 79 811 811
58 80 338 338
58 81 354 354
58 82 356 356
58 83 587 587
58 84 548 548
58 85 517 517
58 86 508 508
58 87 281 281
58 88 538 538
58 89 767 767
58 90 264 264
58 91 89 89
58 92 295 295
58 93 801 801
58 94 469 469
58 95 769 769
58 96 794 794
58 97 385 385
58 98 766 766
58 99 160 160
58 100 199 199
59 60 804 804
59 61 1113 1113
59 62 300 300
59 63 143 143
59 64 635 635
59 65 282 282
59 66 956 956
59 67 893 893
59 68 1053 1053
59 69 363 363
59 70 268 268
59 71 206 206
59 72 581 581
59 73 642 642
59 74 329 329
59 75 679 679
59 76 492 492
59 77 255 255
59 78 166 166
59 79 132 132
59 80 1059 1059
59 81 759 759
59 82 1073 1073
59 83 309 309
59 84 546 546
59 85 328 328
59 86 272 272
59 87 680 680
59 88 475 475
59 89 954 954
59 90 617 617
59 91 647 647
59 92 943 943
59 93 192 192
59 94 388 388
59 95 322 322
59 96 243 243
59 97 808 808
59 98 120 120
59 99 726 726
59 100 543 543
60 61 542 542
60 62 646 646
60 63 749 749
60 64 310 310
60 65 531 531
60 66 408 408
60 67 562 562
60 68 357 357
60 69 753 753
60 70 566 566
60 71 681 681
60 72 703 703
60 73 762 762
60 74 504 504
60 75 346 346
60 76 399 399
60 77 769 769
60 78 643 643
60 79 819 819
60 80 579 579
60 81 105 105
60 82 527 527
60 83 525 525
60 84 906 906
60 85 769 769
60 86 537 537
60 87 649 649
60 88 876 876
60 89 315 315
60 90 647 647
60 91 434 434
60 92 328 328
60 93 793 793
60 94 709 709
60 95 671 671
60 96 720 720
60 97 141 141
60 98 799 799
60 99 435 435
60 100 490 490
61 62 864 864
61 63 1102 1102
61 64 830 830
61 65 861 861
61 66 825 825
61 67 287 287
61 68 222 222
61 69 878 878
61 70 846 846
61 71 980 980
61 72 721 721
61 73 730 730
61 74 789 789
61 75 437 437
61 76 623 623
61 77 1047 1047
61 78 963 963
61 79 1174 1174
61 80 228 228
61 81 484 484
61 82 44 44
61 83 913 913
61 84 913 913
61 85 910 910
61 86 864 864
61 87 564 564
61 88 914 914
61 89 811 811
61 90 641 641
61 91 475 475
61 92 217 217
61 93 1158 1158
61 94 862 862
61 95 1097 1097
61 96 1134 1134
61 97 470 470
61 98 1137 1137
61 99 395 395
61 100 591 591
62 63 326 326
62 64 560 560
62 65 194 194
62 66 874 874
62 67 630 630
62 68 832 832
62 69 157 157
62 70 284 284
62 71 326 326
62 72 281 281
62 73 352 352
62 74 149 149
62 75 439 439
62 76 298 298
62 77 191 191
62 78 310 310
62 79 369 369
62 80 802 802
62 81 576 576
62 82 823 823
62 83 295 295
62 84 372 372
62 85 150 150
62 86 339 339
62 87 452 452
62 88 301 301
62 89 869 869
62 90 364 364
62 91 392 392
62 92 713 713
62 93 373 373
62 94 103 103
62 95 459 459
62 96 409 409
62 97 632 632
62 98 312 312
62 99 472 472
62 100 292 292
63 64 519 519
63 65 243 243
63 66 859 859
63 67 907 907
63 68 1021 1021
63 69 448 448
63 70 269 269
63 71 171 171
63 72 602 602
63 73 662 662
63 74 317 317
63 75 669 669
63 76 481 481
63 77 206 206
63 78 146 146
63 79 73 73
63 80 1062 1062
63 81 708 708
63 82 1066 1066
63 83 283 283
63 84 642 642
63 85 413 413
63 86 238 238
63 87 725 725
63 88 572 572
63 89 858 858
63 90 633 633
63 91 655 655
63 92 919 919
63 93 62 62
63 94 397 397
63 95 199 199
63 96 123 123
63 97 756 756
63 98 71 71
63 99 731 731
63 100 553 553
64 65 376 376
64 66 352 352
64 67 771 771
64 68 667 667
64 69 708 708
64 70 466 466
64 71 522 522
64 72 736 736
64 73 810 810
64 74 431 431
64 75 503 503
64 76 446 446
64 77 610 610
64 78 470 470
64 79 588 588
64 80 845 845
64 81 347 347
64 82 808 808
64 83 369 369
64 84 905 905
64 85 708 708
64 86 442 442
64 87 756 756
64 88 852 852
64 89 346 346
64 90 712 712
64 91 559 559
64 92 613 613
64 93 544 544
64 94 654 654
64 95 407 407
64 96 461 461
64 97 409 409
64 98 588 588
64 99 604 604
64 100 550 550
65 66 707 707
65 67 677 677
65 68 779 779
65 69 349 349
65 70 90 90
65 71 164 164
65 72 438 438
65 73 546 546
65 74 143 143
65 75 429 429
65 76 301 301
65 77 242 242
65 78 116 116
65 79 315 315
65 80 825 825
65 81 477 477
65 82 825 825
65 83 133 133
65 84 563 563
65 85 343 343
65 86 163 163
65 87 548 548
65 88 494 494
65 89 701 701
65 90 447 447
65 91 421 421
65 92 688 688
65 93 302 302
65 94 296 296
65 95 265 265
65 96 285 285
65 97 538 538
65 98 286 286
65 99 499 499
65 100 374 374
66 67 881 881
66 68 609 609
66 69 1008 1008
66 70 776 776
66 71 862 862
66 72 995 995
66 73 1062 1062
66 74 725 725
66 75 674 674
66 76 673 673
66 77 946 946
66 78 811 811
66 79 929 929
66 80 883 883
66 81 425 425
66 82 825 825
66 83 655 655
66 84 1187 1187
66 85 1017 1017
66 86 724 724
66 87 974 974
66 88 1137 1137
66 89 208 208
66 90 950 950
66 91 748 748
66 92 628 628
66 93 879 879
66 94 958 958
66 95 739 739
66 96 794 794
66 97 448 448
66 98 930 930
66 99 760 760
66 100 786 786
67 68 413 413
67 69 628 628
67 70 639 639
67 71 767 767
67 72 444 444
67 73 458 458
67 74 592 592
67 75 274 274
67 76 437 437
67 77 821 821
67 78 761 761
67 79 976 976
67 80 188 188
67 81 470 470
67 82 247 247
67 83 753 753
67 84 629 629
67 85 663 663
67 86 675 675
67 87 304 304
67 88 635 635
67 89 869 869
67 90 373 373
67 91 256 256
67 92 295 295
67 93 967 967
67 94 608 608
67 95 937 937
67 96 962 962
67 97 479 479
67 98 930 930
67 99 184 184
67 100 357 357
68 69 885 885
68 70 789 789
68 71 919 919
68 72 760 760
68 73 792 792
68 74 725 725
68 75 427 427
68 76 625 625
68 77 995 995
68 78 892 892
68 79 1094 1094
68 80 309 309
68 81 328 328
68 82 249 249
68 83 808 808
68 84 969 969
68 85 913 913
68 86 787 787
68 87 635 635
68 88 953 953
68 89 623 623
68 90 684 684
68 91 470 470
68 92 127 127
68 93 1074 1074
68 94 856 856
68 95 987 987
68 96 1047 1047
68 97 296 296
68 98 1065 1065
68 99 413 413
68 100 588 588
69 70 260 260
69 71 286 286
69 72 259 259
69 73 329 329
69 74 306 306
69 75 487 487
69 76 355 355
69 77 289 289
69 78 324 324
69 79 484 484
69 80 799 799
69 81 684 684
69 82 842 842
69 83 451 451
69 84 215 215
69 85 35 35
69 86 333 333
69 87 356 356
69 88 145 145
69 89 1002 1002
69 90 255 255
69 91 417 417
69 92 761 761
69 93 496 496
69 94 54 54
69 95 560 560
69 96 554 554
69 97 721 721
69 98 418 418
69 99 497 497
69 100 332 332
70 71 177 177
70 72 355 355
70 73 473 473
70 74 233 233
70 75 411 411
70 76 224 224
70 77 332 332
70 78 123 123
70 79 337 337
70 80 797 797
70 81 507 507
70 82 807 807
70 83 194 194
70 84 475 475
70 85 295 295
70 86 73 73
70 87 462 462
70 88 405 405
70 89 771 771
70 90 373 373
70 91 386 386
70 92 676 676
70 93 330 330
70 94 314 314
70 95 355 355
70 96 353 353
70 97 564 564
70 98 293 293
70 99 465 465
70 100 284 284
71 72 435 435
71 73 504 504
71 74 228 228
71 75 545 545
71 76 358 358
71 77 298 298
71 78 54 54
71 79 217 217
71 80 929 929
71 81 632 632
71 82 941 941
71 83 237 237
71 84 496 496
71 85 302 302
71 86 144 144
71 87 567 567
71 88 424 424
71 89 855 855
71 90 471 471
71 91 516 516
71 92 809 809
71 93 228 228
71 94 242 242
71 95 274 274
71 96 283 283
71 97 679 679
71 98 163 163
71 99 596 596
71 100 413 413
72 73 141 141
72 74 430 430
72 75 382 382
72 76 323 323
72 77 454 454
72 78 478 478
72 79 646 646
72 80 632 632
72 81 609 609
72 82 681 681
72 83 546 546
72 84 315 315
72 85 265 265
72 86 425 425
72 87 171 171
72 88 311 311
72 89 986 986
72 90 181 181
72 91 325 325
72 92 633 633
72 93 653 653
72 94 205 205
72 95 687 687
72 96 690 690
72 97 653 653
72 98 586 586
72 99 405 405
72 100 213 213
73 74 431 431
73 75 430 430
73 76 406 406
73 77 543 543
73 78 531 531
73 79 713 713
73 80 635 635
73 81 666 666
73 82 690 690
73 83 622 622
73 84 183 183
73 85 353 353
73 86 501 501
73 87 186 186
73 88 194 194
73 89 1053 1053
73 90 116 116
73 91 342 342
73 92 665 665
73 93 722 722
73 94 341 341
73 95 778 778
73 96 761 761
73 97 709 709
73 98 654 654
73 99 422 422
73 100 276 276
74 75 357 357
74 76 166 166
74 77 331 331
74 78 174 174
74 79 388 388
74 80 745 745
74 81 443 443
74 82 751 751
74 83 216 216
74 84 494 494
74 85 299 299
74 86 278 278
74 87 438 438
74 88 450 450
74 89 742 742
74 90 358 358
74 91 347 347
74 92 615 615
74 93 376 376
74 94 252 252
74 95 408 408
74 96 404 404
74 97 493 493
74 98 352 352
74 99 414 414
74 100 244 244
75 76 269 269
75 77 622 622
75 78 528 528
75 79 741 741
75 80 396 396
75 81 294 294
75 82 397 397
75 83 492 492
75 84 593 593
75 85 522 522
75 86 446 446
75 87 304 304
75 88 567 567
75 89 656 656
75 90 315 315
75 91 88 88
75 92 300 300
75 93 726 726
75 94 482 482
75 95 677 677
75 96 707 707
75 97 330 330
75 98 704 704
75 99 101 101
75 100 206 206
76 77 430 430
76 78 340 340
76 79 554 554
76 80 581 581
76 81 349 349
76 82 585 585
76 83 317 317
76 84 515 515
76 85 383 383
76 86 260 260
76 87 359 359
76 88 500 500
76 89 666 666
76 90 290 290
76 91 181 181
76 92 508 508
76 93 542 542
76 94 323 323
76 95 504 504
76 96 526 526
76 97 407 407
76 98 514 514
76 99 255 255
76 100 170 170
77 78 313 313
77 79 279 279
77 80 989 989
77 81 712 712
77 82 1006 1006
77 83 321 321
77 84 485 485
77 85 254 254
77 86 405 405
77 87 602 602
77 88 413 413
77 89 936 936
77 90 502 502
77 91 577 577
77 92 882 882
77 93 268 268
77 94 251 251
77 95 314 314
77 96 329 329
77 97 761 761
77 98 135 135
77 99 656 656
77 100 465 465
78 79 216 216
78 80 919 919
78 81 593 593
78 82 925 925
78 83 227 227
78 84 537 537
78 85 307 307
78 86 106 106
78 87 582 582
78 88 466 466
78 89 805 805
78 90 487 487
78 91 509 509
78 92 786 786
78 93 207 207
78 94 276 276
78 95 328 328
78 96 230 230
78 97 642 642
78 98 178 178
78 99 587 587
78 100 407 407
79 80 1133 1133
79 81 780 780
79 82 1138 1138
79 83 295 295
79 84 678 678
79 85 460 460
79 86 311 311
79 87 784 784
79 88 607 607
79 89 925 925
79 90 687 687
79 91 722 722
79 92 991 991
79 93 135 135
79 94 453 453
79 95 190 190
79 96 169 169
79 97 826 826
79 98 144 144
79 99 801 801
79 100 620 620
80 81 505 505
80 82 227 227
80 83 888 888
80 84 817 817
80 85 832 832
80 86 824 824
80 87 467 467
80 88 821 821
80 89 870 870
80 90 552 552
80 91 413 413
80 92 256 256
80 93 1120 1120
80 94 788 788
80 95 1073 1073
80 96 1103 1103
80 97 502 502
80 98 1090 1090
80 99 333 333
80 100 525 525
81 82 468 468
81 83 508 508
81 84 815 815
81 85 690 690
81 86 488 488
81 87 549 549
81 88 782 782
81 89 419 419
81 90 550 550
81 91 332 332
81 92 267 267
81 93 754 754
81 94 630 630
81 95 659 659
81 96 729 729
81 97 62 62
81 98 761 761
81 99 359 359
81 100 396 396
82 83 884 884
82 84 869 869
82 85 873 873
82 86 830 830
82 87 520 520
82 88 874 874
82 89 806 806
82 90 601 601
82 91 431 431
82 92 210 210
82 93 1123 1123
82 94 820 820
82 95 1066 1066
82 96 1099 1099
82 97 451 451
82 98 1099 1099
82 99 353 353
82 100 547 547
83 84 664 664
83 85 445 445
83 86 121 121
83 87 641 641
83 88 596 596
83 89 649 649
83 90 549 549
83 91 498 498
83 92 716 716
83 93 340 340
83 94 398 398
83 95 394 394
83 96 395 395
83 97 550 550
83 98 289 289
83 99 571 571
83 100 460 460
84 85 231 231
84 86 546 546
84 87 362 362
84 88 73 73
84 89 1181 1181
84 90 285 285
84 91 508 508
84 92 842 842
84 93 696 696
84 94 269 269
84 95 769 769
84 96 762 762
84 97 861 861
84 98 620 620
84 99 556 556
84 100 419 419
85 86 368 368
85 87 391 391
85 88 159 159
85 89 1012 1012
85 90 290 290
85 91 452 452
85 92 796 796
85 93 475 475
85 94 60 60
85 95 568 568
85 96 536 536
85 97 740 740
85 98 389 389
85 99 527 527
85 100 338 338
86 87 527 527
86 88 478 478
86 89 718 718
86 90 437 437
86 91 419 419
86 92 682 682
86 93 298 298
86 94 382 382
86 95 418 418
86 96 289 289
86 97 539 539
86 98 280 280
86 99 499 499
86 100 357 357
87 88 355 355
87 89 955 955
87 90 101 101
87 91 262 262
87 92 508 508
87 93 784 784
87 94 362 362
87 95 793 793
87 96 808 808
87 97 586 586
87 98 727 727
87 99 268 268
87 100 268 268
88 89 1131 1131
88 90 274 274
88 91 501 501
88 92 827 827
88 93 624 624
88 94 198 198
88 95 698 698
88 96 690 690
88 97 834 834
88 98 548 548
88 99 541 541
88 100 386 386
89 90 941 941
89 91 738 738
89 92 614 614
89 93 879 879
89 94 952 952
89 95 739 739
89 96 794 794
89 97 391 391
89 98 929 929
89 99 749 749
89 100 778 778
90 91 227 227
90 92 557 557
90 93 689 689
90 94 261 261
90 95 712 712
90 96 717 717
90 97 598 598
90 98 629 629
90 99 307 307
90 100 324 324
91 92 344 344
91 93 712 712
91 94 394 394
91 95 684 684
91 96 706 706
91 97 371 371
91 98 679 679
91 99 80 80
91 100 118 118
92 93 975 975
92 94 738 738
92 95 914 914
92 96 937 937
92 97 328 328
92 98 960 960
92 99 286 286
92 100 462 462
93 94 457 457
93 95 148 148
93 96 140 140
93 97 799 799
93 98 133 133
93 99 790 790
93 100 613 613
94 95 516 516
94 96 503 503
94 97 681 681
94 98 384 384
94 99 467 467
94 100 278 278
95 96 250 250
95 97 701 701
95 98 225 225
95 99 759 759
95 100 600 600
96 97 780 780
96 98 194 194
96 99 781 781
96 100 618 618
97 98 810 810
97 99 368 368
97 100 448 448
98 99 757 757
98 100 576 576
99 100 198 198
