100
50
150
10
1
23
25
40
42
62
66
82
91
95
40
2
3
4
8
11
13
15
16
18
20
22
26
28
29
30
33
34
38
39
41
44
47
50
55
57
58
61
63
64
67
68
71
72
78
79
81
83
87
89
97
0 1 243 243
0 2 180 180
0 3 173 173
0 4 407 407
0 5 154 154
0 6 495 495
0 7 300 300
0 8 199 199
0 9 189 189
0 10 193 193
0 11 228 228
0 12 359 359
0 13 323 323
0 14 392 392
0 15 241 241
0 16 284 284
0 17 261 261
0 18 382 382
0 19 197 197
0 20 373 373
0 21 123 123
0 22 160 160
0 23 394 394
0 24 177 177
0 25 240 240
0 26 264 264
0 27 125 125
0 28 262 262
0 29 239 239
0 30 231 231
0 31 389 389
0 32 241 241
0 33 310 310
0 34 122 122
0 35 34 34
0 36 290 290
0 37 214 214
0 38 294 294
0 39 238 238
0 40 301 301
0 41 245 245
0 42 215 215
0 43 209 209
0 44 324 324
0 45 236 236
0 46 405 405
0 47 176 176
0 48 173 173
0 49 292 292
0 50 358 358
0 51 240 240
0 52 280 280
0 53 238 238
0 54 286 286
0 55 353 353
0 56 418 418
0 57 377 377
0 58 209 209
0 59 197 197
0 60 432 432
0 61 91 91
0 62 489 489
0 63 293 293
0 64 322 322
0 65 259 259
0 66 201 201
0 67 322 322
0 68 312 312
0 69 181 181
0 70 297 297
0 71 131 131
0 72 170 170
0 73 208 208
0 74 289 289
0 75 250 250
0 76 246 246
0 77 224 224
0 78 328 328
0 79 89 89
0 80 174 174
0 81 274 274
0 82 336 336
0 83 308 308
0 84 346 346
0 85 263 263
0 86 136 136
0 87 335 335
0 88 289 289
0 89 450 450
0 90 267 267
0 91 308 308
0 92 179 179
0 93 302 302
0 94 357 357
0 95 137 137
0 96 355 355
0 97 316 316
0 98 252 252
0 99 267 267
0 100 330 330
1 2 155 155
1 3 75 75
1 4 643 643
1 5 117 117
1 6 290 290
1 7 149 149
1 8 397 397
1 9 60 60
1 10 246 246
1 11 186 186
1 12 561 561
1 13 103 103
1 14 193 193
1 15 103 103
1 16 171 171
1 17 200 200
1 18 148 148
1 19 119 119
1 20 146 146
1 21 132 132
1 22 192 192
1 23 637 637
1 24 77 77
1 25 183 183
1 26 97 97
1 27 166 166
1 28 97 97
1 29 110 110
1 30 135 135
1 31 229 229
1 32 218 218
1 33 168 168
1 34 155 155
1 35 250 250
1 36 280 280
1 37 168 168
1 38 93 93
1 39 168 168
1 40 226 226
1 41 107 107
1 42 50 50
1 43 40 40
1 44 522 522
1 45 226 226
1 46 602 602
1 47 68 68
1 48 73 73
1 49 533 533
1 50 126 126
1 51 109 109
1 52 235 235
1 53 73 73
1 54 128 128
1 55 594 594
1 56 647 647
1 57 134 134
1 58 64 64
1 59 398 398
1 60 650 650
1 61 158 158
1 62 679 679
1 63 486 486
1 64 132 132
1 65 134 134
1 66 86 86
1 67 483 483
1 68 111 111
1 69 88 88
1 70 511 511
1 71 190 190
1 72 385 385
1 73 53 53
1 74 314 314
1 75 209 209
1 76 87 87
1 77 71 71
1 78 571 571
1 79 186 186
1 80 131 131
1 81 198 198
1 82 561 561
1 83 141 141
1 84 148 148
1 85 199 199
1 86 131 131
1 87 187 187
1 88 238 238
1 89 685 685
1 90 179 179
1 91 519 519
1 92 247 247
1 93 455 455
1 94 574 574
1 95 189 189
1 96 163 163
1 97 542 542
1 98 242 242
1 99 181 181
1 100 557 557
2 3 96 96
2 4 527 527
2 5 56 56
2 6 327 327
2 7 139 139
2 8 309 309
2 9 138 138
2 10 173 173
2 11 279 279
2 12 473 473
2 13 194 194
2 14 288 288
2 15 214 214
2 16 299 299
2 17 92 92
2 18 242 242
2 19 103 103
2 20 254 254
2 21 155 155
2 22 100 100
2 23 550 550
2 24 88 88
2 25 73 73
2 26 108 108
2 27 125 125
2 28 133 133
2 29 174 174
2 30 248 248
2 31 210 210
2 32 79 79
2 33 267 267
2 34 62 62
2 35 207 207
2 36 144 144
2 37 121 121
2 38 245 245
2 39 58 58
2 40 339 339
2 41 147 147
2 42 105 105
2 43 151 151
2 44 429 429
2 45 307 307
2 46 499 499
2 47 108 108
2 48 136 136
2 49 445 445
2 50 220 220
2 51 221 221
2 52 116 116
2 53 128 128
2 54 135 135
2 55 505 505
2 56 523 523
2 57 266 266
2 58 176 176
2 59 369 369
2 60 533 533
2 61 150 150
2 62 532 532
2 63 403 403
2 64 193 193
2 65 246 246
2 66 69 69
2 67 388 388
2 68 262 262
2 69 88 88
2 70 380 380
2 71 223 223
2 72 295 295
2 73 165 165
2 74 166 166
2 75 72 72
2 76 135 135
2 77 126 126
2 78 492 492
2 79 91 91
2 80 87 87
2 81 310 310
2 82 437 437
2 83 156 156
2 84 302 302
2 85 86 86
2 86 172 172
2 87 158 158
2 88 346 346
2 89 572 572
2 90 87 87
2 91 431 431
2 92 293 293
2 93 362 362
2 94 460 460
2 95 223 223
2 96 192 192
2 97 447 447
2 98 114 114
2 99 87 87
2 100 462 462
3 4 579 579
3 5 61 61
3 6 333 333
3 7 138 138
3 8 327 327
3 9 57 57
3 10 179 179
3 11 188 188
3 12 488 488
3 13 151 151
3 14 226 226
3 15 118 118
3 16 204 204
3 17 167 167
3 18 209 209
3 19 71 71
3 20 206 206
3 21 100 100
3 22 118 118
3 23 567 567
3 24 81 81
3 25 144 144
3 26 104 104
3 27 96 96
3 28 90 90
3 29 99 99
3 30 152 152
3 31 241 241
3 32 173 173
3 33 185 185
3 34 80 80
3 35 185 185
3 36 224 224
3 37 107 107
3 38 155 155
3 39 154 154
3 40 243 243
3 41 95 95
3 42 43 43
3 43 57 57
3 44 447 447
3 45 221 221
3 46 528 528
3 47 69 69
3 48 40 40
3 49 463 463
3 50 186 186
3 51 129 129
3 52 199 199
3 53 66 66
3 54 121 121
3 55 521 521
3 56 572 572
3 57 206 206
3 58 81 81
3 59 343 343
3 60 575 575
3 61 98 98
3 62 605 605
3 63 414 414
3 64 151 151
3 65 151 151
3 66 79 79
3 67 408 408
3 68 173 173
3 69 29 29
3 70 437 437
3 71 157 157
3 72 313 313
3 73 85 85
3 74 262 262
3 75 164 164
3 76 80 80
3 77 51 51
3 78 501 501
3 79 117 117
3 80 72 72
3 81 215 215
3 82 486 486
3 83 153 153
3 84 212 212
3 85 165 165
3 86 134 134
3 87 192 192
3 88 255 255
3 89 611 611
3 90 154 154
3 91 448 448
3 92 225 225
3 93 380 380
3 94 499 499
3 95 151 151
3 96 191 191
3 97 470 470
3 98 190 190
3 99 150 150
3 100 488 488
4 5 537 537
4 6 843 843
4 7 666 666
4 8 264 264
4 9 593 593
4 10 449 449
4 11 618 618
4 12 99 99
4 13 704 704
4 14 794 794
4 15 648 648
4 16 682 682
4 17 544 544
4 18 766 766
4 19 562 562
4 20 768 768
4 21 530 530
4 22 461 461
4 23 247 247
4 24 569 569
4 25 561 561
4 26 634 634
4 27 495 495
4 28 649 649
4 29 643 643
4 30 633 633
4 31 720 720
4 32 537 537
4 33 717 717
4 34 499 499
4 35 429 429
4 36 493 493
4 37 517 517
4 38 701 701
4 39 569 569
4 40 688 688
4 41 611 611
4 42 607 607
4 43 613 613
4 44 199 199
4 45 600 600
4 46 195 195
4 47 583 583
4 48 577 577
4 49 131 131
4 50 743 743
4 51 647 647
4 52 568 568
4 53 630 630
4 54 661 661
4 55 76 76
4 56 50 50
4 57 774 774
4 58 616 616
4 59 367 367
4 60 196 196
4 61 498 498
4 62 240 240
4 63 179 179
4 64 711 711
4 65 656 656
4 66 580 580
4 67 185 185
4 68 719 719
4 69 565 565
4 70 161 161
4 71 523 523
4 72 288 288
4 73 615 615
4 74 502 502
4 75 539 539
4 76 638 638
4 77 619 619
4 78 191 191
4 79 464 464
4 80 539 539
4 81 664 664
4 82 100 100
4 83 664 664
4 84 753 753
4 85 578 578
4 86 543 543
4 87 674 674
4 88 666 666
4 89 108 108
4 90 593 593
4 91 169 169
4 92 537 537
4 93 217 217
4 94 120 120
4 95 517 517
4 96 718 718
4 97 114 114
4 98 500 500
4 99 597 597
4 100 93 93
5 6 341 341
5 7 152 152
5 8 294 294
5 9 86 86
5 10 146 146
5 11 238 238
5 12 457 457
5 13 173 173
5 14 263 263
5 15 162 162
5 16 248 248
5 17 125 125
5 18 234 234
5 19 47 47
5 20 235 235
5 21 140 140
5 22 76 76
5 23 542 542
5 24 40 40
5 25 113 113
5 26 111 111
5 27 83 83
5 28 115 115
5 29 127 127
5 30 192 192
5 31 239 239
5 32 135 135
5 33 220 220
5 34 84 84
5 35 174 174
5 36 182 182
5 37 65 65
5 38 201 201
5 39 114 114
5 40 283 283
5 41 91 91
5 42 72 72
5 43 103 103
5 44 405 405
5 45 271 271
5 46 486 486
5 47 57 57
5 48 80 80
5 49 430 430
5 50 211 211
5 51 169 169
5 52 166 166
5 53 95 95
5 54 137 137
5 55 490 490
5 56 543 543
5 57 241 241
5 58 125 125
5 59 336 336
5 60 535 535
5 61 145 145
5 62 562 562
5 63 387 387
5 64 178 178
5 65 194 194
5 66 76 76
5 67 372 372
5 68 218 218
5 69 32 32
5 70 400 400
5 71 191 191
5 72 273 273
5 73 114 114
5 74 221 221
5 75 127 127
5 76 109 109
5 77 89 89
5 78 478 478
5 79 119 119
5 80 31 31
5 81 254 254
5 82 457 457
5 83 159 159
5 84 258 258
5 85 136 136
5 86 143 143
5 87 185 185
5 88 295 295
5 89 576 576
5 90 131 131
5 91 425 425
5 92 258 258
5 93 340 340
5 94 469 469
5 95 186 186
5 96 202 202
5 97 463 463
5 98 150 150
5 99 129 129
5 100 452 452
6 7 195 195
6 8 625 625
6 9 340 340
6 10 394 394
6 11 467 467
6 12 780 780
6 13 187 187
6 14 235 235
6 15 370 370
6 16 434 434
6 17 299 299
6 18 249 249
6 19 299 299
6 20 220 220
6 21 412 412
6 22 396 396
6 23 875 875
6 24 324 324
6 25 282 282
6 26 259 259
6 27 422 422
6 28 245 245
6 29 322 322
6 30 416 416
6 31 303 303
6 32 310 310
6 33 341 341
6 34 375 375
6 35 513 513
6 36 369 369
6 37 332 332
6 38 333 333
6 39 275 275
6 40 482 482
6 41 266 266
6 42 290 290
6 43 329 329
6 44 676 676
6 45 512 512
6 46 744 744
6 47 335 335
6 48 354 354
6 49 754 754
6 50 227 227
6 51 369 369
6 52 292 292
6 53 270 270
6 54 212 212
6 55 812 812
6 56 834 834
6 57 208 208
6 58 354 354
6 59 673 673
6 60 819 819
6 61 429 429
6 62 801 801
6 63 718 718
6 64 216 216
6 65 393 393
6 66 295 295
6 67 663 663
6 68 350 350
6 69 315 315
6 70 689 689
6 71 476 476
6 72 582 582
6 73 342 342
6 74 384 384
6 75 306 306
6 76 269 269
6 77 291 291
6 78 812 812
6 79 410 410
6 80 322 322
6 81 465 465
6 82 748 748
6 83 261 261
6 84 348 348
6 85 269 269
6 86 416 416
6 87 169 169
6 88 508 508
6 89 882 882
6 90 293 293
6 91 755 755
6 92 536 536
6 93 632 632
6 94 778 778
6 95 475 475
6 96 235 235
6 97 731 731
6 98 346 346
6 99 246 246
6 100 764 764
7 8 435 435
7 9 156 156
7 10 225 225
7 11 300 300
7 12 596 596
7 13 124 124
7 14 181 181
7 15 198 198
7 16 287 287
7 17 141 141
7 18 109 109
7 19 108 108
7 20 134 134
7 21 226 226
7 22 209 209
7 23 686 686
7 24 137 137
7 25 123 123
7 26 157 157
7 27 227 227
7 28 63 63
7 29 142 142
7 30 252 252
7 31 108 108
7 32 160 160
7 33 237 237
7 34 184 184
7 35 318 318
7 36 224 224
7 37 150 150
7 38 202 202
7 39 108 108
7 40 335 335
7 41 127 127
7 42 99 99
7 43 149 149
7 44 518 518
7 45 340 340
7 46 597 597
7 47 143 143
7 48 166 166
7 49 569 569
7 50 89 89
7 51 209 209
7 52 156 156
7 53 84 84
7 54 174 174
7 55 629 629
7 56 662 662
7 57 146 146
7 58 179 179
7 59 479 479
7 60 663 663
7 61 236 236
7 62 661 661
7 63 529 529
7 64 127 127
7 65 237 237
7 66 100 100
7 67 492 492
7 68 207 207
7 69 120 120
7 70 518 518
7 71 288 288
7 72 403 403
7 73 166 166
7 74 247 247
7 75 169 169
7 76 89 89
7 77 107 107
7 78 623 623
7 79 219 219
7 80 131 131
7 81 311 311
7 82 576 576
7 83 150 150
7 84 240 240
7 85 122 122
7 86 228 228
7 87 67 67
7 88 354 354
7 89 707 707
7 90 99 99
7 91 565 565
7 92 354 354
7 93 467 467
7 94 599 599
7 95 288 288
7 96 133 133
7 97 557 557
7 98 193 193
7 99 92 92
7 100 583 583
8 9 344 344
8 10 270 270
8 11 371 371
8 12 165 165
8 13 467 467
8 14 546 546
8 15 397 397
8 16 433 433
8 17 365 365
8 18 528 528
8 19 329 329
8 20 525 525
8 21 279 279
8 22 278 278
8 23 251 251
8 24 325 325
8 25 347 347
8 26 401 401
8 27 231 231
8 28 408 408
8 29 394 394
8 30 383 383
8 31 507 507
8 32 366 366
8 33 466 466
8 34 255 255
8 35 165 165
8 36 311 311
8 37 334 334
8 38 450 450
8 39 351 351
8 40 473 473
8 41 378 378
8 42 363 363
8 43 364 364
8 44 211 211
8 45 367 367
8 46 280 280
8 47 337 337
8 48 328 328
8 49 137 137
8 50 504 504
8 51 396 396
8 52 369 369
8 53 386 386
8 54 425 425
8 55 198 198
8 56 292 292
8 57 530 530
8 58 365 365
8 59 179 179
8 60 284 284
8 61 247 247
8 62 366 366
8 63 94 94
8 64 470 470
8 65 404 404
8 66 351 351
8 67 139 139
8 68 468 468
8 69 325 325
8 70 161 161
8 71 274 274
8 72 80 80
8 73 364 364
8 74 350 350
8 75 371 371
8 76 399 399
8 77 376 376
8 78 193 193
8 79 218 218
8 80 306 306
8 81 418 418
8 82 224 224
8 83 438 438
8 84 502 502
8 85 366 366
8 86 295 295
8 87 456 456
8 88 432 432
8 89 294 294
8 90 380 380
8 91 132 132
8 92 314 314
8 93 132 132
8 94 202 202
8 95 268 268
8 96 490 490
8 97 244 244
8 98 329 329
8 99 383 383
8 100 175 175
9 10 220 220
9 11 152 152
9 12 509 509
9 13 153 153
9 14 203 203
9 15 76 76
9 16 162 162
9 17 194 194
9 18 204 204
9 19 111 111
9 20 189 189
9 21 77 77
9 22 155 155
9 23 583 583
9 24 50 50
9 25 184 184
9 26 125 125
9 27 113 113
9 28 95 95
9 29 50 50
9 30 115 115
9 31 262 262
9 32 213 213
9 33 143 143
9 34 120 120
9 35 194 194
9 36 266 266
9 37 150 150
9 38 117 117
9 39 170 170
9 40 203 203
9 41 123 123
9 42 58 58
9 43 20 20
9 44 484 484
9 45 189 189
9 46 562 562
9 47 30 30
9 48 17 17
9 49 480 480
9 50 185 185
9 51 84 84
9 52 239 239
9 53 81 81
9 54 132 132
9 55 541 541
9 56 599 599
9 57 189 189
9 58 39 39
9 59 343 343
9 60 605 605
9 61 102 102
9 62 641 641
9 63 432 432
9 64 156 156
9 65 109 109
9 66 81 81
9 67 442 442
9 68 135 135
9 69 69 69
9 70 466 466
9 71 136 136
9 72 339 339
9 73 28 28
9 74 304 304
9 75 205 205
9 76 95 95
9 77 49 49
9 78 515 515
9 79 146 146
9 80 110 110
9 81 175 175
9 82 515 515
9 83 174 174
9 84 174 174
9 85 203 203
9 86 77 77
9 87 215 215
9 88 218 218
9 89 635 635
9 90 193 193
9 91 465 465
9 92 199 199
9 93 411 411
9 94 530 530
9 95 139 139
9 96 203 203
9 97 496 496
9 98 229 229
9 99 185 185
9 100 503 503
10 11 345 345
10 12 401 401
10 13 273 273
10 14 382 382
10 15 295 295
10 16 381 381
10 17 111 111
10 18 332 332
10 19 132 132
10 20 347 347
10 21 224 224
10 22 148 148
10 23 493 493
10 24 181 181
10 25 112 112
10 26 206 206
10 27 158 158
10 28 227 227
10 29 259 259
10 30 319 319
10 31 275 275
10 32 96 96
10 33 353 353
10 34 141 141
10 35 208 208
10 36 97 97
10 37 81 81
10 38 334 334
10 39 127 127
10 40 408 408
10 41 175 175
10 42 197 197
10 43 236 236
10 44 345 345
10 45 361 361
10 46 425 425
10 47 190 190
10 48 219 219
10 49 398 398
10 50 310 310
10 51 301 301
10 52 125 125
10 53 214 214
10 54 239 239
10 55 421 421
10 56 440 440
10 57 355 355
10 58 259 259
10 59 371 371
10 60 451 451
10 61 192 192
10 62 438 438
10 63 343 343
10 64 286 286
10 65 325 325
10 66 162 162
10 67 378 378
10 68 351 351
10 69 160 160
10 70 317 317
10 71 266 266
10 72 190 190
10 73 247 247
10 74 135 135
10 75 101 101
10 76 228 228
10 77 217 217
10 78 442 442
10 79 104 104
10 80 117 117
10 81 379 379
10 82 355 355
10 83 221 221
10 84 390 390
10 85 136 136
10 86 237 237
10 87 225 225
10 88 409 409
10 89 488 488
10 90 156 156
10 91 381 381
10 92 332 332
10 93 376 376
10 94 384 384
10 95 260 260
10 96 279 279
10 97 337 337
10 98 59 59
10 99 148 148
10 100 372 372
11 12 522 522
11 13 285 285
11 14 270 270
11 15 109 109
11 16 70 70
11 17 346 346
11 18 315 315
11 19 259 259
11 20 280 280
11 21 131 131
11 22 265 265
11 23 570 570
11 24 202 202
11 25 332 332
11 26 274 274
11 27 189 189
11 28 238 238
11 29 160 160
11 30 52 52
11 31 408 408
11 32 358 358
11 33 169 169
11 34 235 235
11 35 207 207
11 36 403 403
11 37 288 288
11 38 146 146
11 39 322 322
11 40 143 143
11 41 275 275
11 42 210 210
11 43 159 159
11 44 552 552
11 45 45 45
11 46 632 632
11 47 182 182
11 48 165 165
11 49 496 496
11 50 298 298
11 51 98 98
11 52 387 387
11 53 217 217
11 54 276 276
11 55 557 557
11 56 637 637
11 57 276 276
11 58 122 122
11 59 290 290
11 60 653 653
11 61 155 155
11 62 717 717
11 63 441 441
11 64 263 263
11 65 77 77
11 66 233 233
11 67 495 495
11 68 155 155
11 69 217 217
11 70 521 521
11 71 97 97
11 72 398 398
11 73 135 135
11 74 442 442
11 75 350 350
11 76 211 211
11 77 195 195
11 78 502 502
11 79 241 241
11 80 253 253
11 81 47 47
11 82 558 558
11 83 322 322
11 84 181 181
11 85 353 353
11 86 151 151
11 87 364 364
11 88 67 67
11 89 660 660
11 90 341 341
11 91 472 472
11 92 167 167
11 93 474 474
11 94 550 550
11 95 103 103
11 96 344 344
11 97 538 538
11 98 366 366
11 99 337 337
11 100 525 525
12 13 630 630
12 14 711 711
12 15 560 560
12 16 589 589
12 17 484 484
12 18 691 691
12 19 489 489
12 20 689 689
12 21 443 443
12 22 405 405
12 23 160 160
12 24 489 489
12 25 512 512
12 26 562 562
12 27 396 396
12 28 572 572
12 29 559 559
12 30 542 542
12 31 660 660
12 32 478 478
12 33 628 628
12 34 418 418
12 35 330 330
12 36 453 453
12 37 449 449
12 38 613 613
12 39 505 505
12 40 592 592
12 41 538 538
12 42 527 527
12 43 528 528
12 44 201 201
12 45 504 504
12 46 229 229
12 47 493 493
12 48 492 492
12 49 67 67
12 50 668 668
12 51 558 558
12 52 513 513
12 53 550 550
12 54 588 588
12 55 128 128
12 56 133 133
12 57 694 694
12 58 528 528
12 59 312 312
12 60 175 175
12 61 412 412
12 62 301 301
12 63 122 122
12 64 634 634
12 65 564 564
12 66 511 511
12 67 151 151
12 68 631 631
12 69 488 488
12 70 144 144
12 71 430 430
12 72 245 245
12 73 529 529
12 74 485 485
12 75 487 487
12 76 563 563
12 77 539 539
12 78 92 92
12 79 382 382
12 80 466 466
12 81 569 569
12 82 106 106
12 83 596 596
12 84 664 664
12 85 515 515
12 86 454 454
12 87 611 611
12 88 569 569
12 89 169 169
12 90 531 531
12 91 153 153
12 92 439 439
12 93 180 180
12 94 56 56
12 95 424 424
12 96 650 650
12 97 102 102
12 98 445 445
12 99 534 534
12 100 29 29
13 14 126 126
13 15 183 183
13 16 259 259
13 17 192 192
13 18 62 62
13 19 177 177
13 20 81 81
13 21 228 228
13 22 249 249
13 23 715 715
13 24 146 146
13 25 172 172
13 26 151 151
13 27 246 246
13 28 61 61
13 29 135 135
13 30 233 233
13 31 163 163
13 32 210 210
13 33 214 214
13 34 215 215
13 35 336 336
13 36 275 275
13 37 192 192
13 38 162 162
13 39 158 158
13 40 308 308
13 41 125 125
13 42 108 108
13 43 142 142
13 44 561 561
13 45 327 327
13 46 639 639
13 47 151 151
13 48 168 168
13 49 603 603
13 50 40 40
13 51 194 194
13 52 210 210
13 53 97 97
13 54 94 94
13 55 663 663
13 56 702 702
13 57 93 93
13 58 167 167
13 59 493 493
13 60 698 698
13 61 248 248
13 62 711 711
13 63 560 560
13 64 29 29
13 65 213 213
13 66 131 131
13 67 534 534
13 68 168 168
13 69 143 143
13 70 568 568
13 71 289 289
13 72 441 441
13 73 155 155
13 74 300 300
13 75 213 213
13 76 83 83
13 77 106 106
13 78 650 650
13 79 249 249
13 80 176 176
13 81 287 287
13 82 616 616
13 83 75 75
13 84 219 219
13 85 175 175
13 86 230 230
13 87 109 109
13 88 331 331
13 89 746 746
13 90 151 151
13 91 595 595
13 92 350 350
13 93 503 503
13 94 637 637
13 95 290 290
13 96 60 60
13 97 599 599
13 98 244 244
13 99 186 186
13 100 619 619
14 15 172 172
14 16 218 218
14 17 312 312
14 18 162 162
14 19 251 251
14 20 47 47
14 21 274 274
14 22 339 339
14 23 785 785
14 24 226 226
14 25 294 294
14 26 190 190
14 27 315 315
14 28 155 155
14 29 153 153
14 30 220 220
14 31 244 244
14 32 331 331
14 33 241 241
14 34 303 303
14 35 395 395
14 36 396 396
14 37 301 301
14 38 133 133
14 39 279 279
14 40 262 262
14 41 216 216
14 42 193 193
14 43 183 183
14 44 667 667
14 45 315 315
14 46 747 747
14 47 223 223
14 48 219 219
14 49 682 682
14 50 97 97
14 51 183 183
14 52 335 335
14 53 170 170
14 54 166 166
14 55 743 743
14 56 797 797
14 57 59 59
14 58 190 190
14 59 533 533
14 60 798 798
14 61 304 304
14 62 820 820
14 63 635 635
14 64 101 101
14 65 202 202
14 66 224 224
14 67 632 632
14 68 115 115
14 69 239 239
14 70 659 659
14 71 318 318
14 72 535 535
14 73 224 224
14 74 424 424
14 75 324 324
14 76 158 158
14 77 175 175
14 78 717 717
14 79 336 336
14 80 267 267
14 81 253 253
14 82 711 711
14 83 200 200
14 84 118 118
14 85 300 300
14 86 268 268
14 87 231 231
14 88 293 293
14 89 836 836
14 90 276 276
14 91 667 667
14 92 358 358
14 93 603 603
14 94 724 724
14 95 320 320
14 96 170 170
14 97 692 692
14 98 364 364
14 99 269 269
14 100 705 705
15 16 91 91
15 17 267 267
15 18 207 207
15 19 183 183
15 20 175 175
15 21 118 118
15 22 228 228
15 23 625 625
15 24 126 126
15 25 254 254
15 26 192 192
15 27 173 173
15 28 135 135
15 29 126 126
15 30 115 115
15 31 306 306
15 32 286 286
15 33 69 69
15 34 191 191
15 35 236 236
15 36 341 341
15 37 225 225
15 38 54 54
15 39 240 240
15 40 138 138
15 41 185 185
15 42 120 120
15 43 96 96
15 44 550 550
15 45 153 153
15 46 631 631
15 47 106 106
15 48 85 85
15 49 531 531
15 50 189 189
15 51 11 11
15 52 308 308
15 53 125 125
15 54 194 194
15 55 592 592
15 56 659 659
15 57 186 186
15 58 39 39
15 59 363 363
15 60 668 668
15 61 150 150
15 62 716 716
15 63 480 480
15 64 154 154
15 65 109 109
15 66 151 151
15 67 502 502
15 68 72 72
15 69 143 143
15 70 529 529
15 71 146 146
15 72 402 402
15 73 67 67
15 74 378 378
15 75 277 277
15 76 111 111
15 77 113 113
15 78 557 557
15 79 214 214
15 80 185 185
15 81 126 126
15 82 575 575
15 83 222 222
15 84 106 106
15 85 273 273
15 86 106 106
15 87 264 264
15 88 156 156
15 89 691 691
15 90 261 261
15 91 510 510
15 92 187 187
15 93 480 480
15 94 579 579
15 95 148 148
15 96 242 242
15 97 555 555
15 98 304 304
15 99 250 250
15 100 557 557
16 17 356 356
16 18 295 295
16 19 272 272
16 20 238 238
16 21 198 198
16 22 307 307
16 23 639 639
16 24 212 212
16 25 343 343
16 26 268 268
16 27 233 233
16 28 226 226
16 29 147 147
16 30 98 98
16 31 395 395
16 32 375 375
16 33 152 152
16 34 275 275
16 35 270 270
16 36 427 427
16 37 311 311
16 38 101 101
16 39 330 330
16 40 189 189
16 41 276 276
16 42 210 210
16 43 152 152
16 44 606 606
16 45 107 107
16 46 687 687
16 47 191 191
16 48 169 169
16 49 561 561
16 50 264 264
16 51 81 81
16 52 398 398
16 53 211 211
16 54 266 266
16 55 620 620
16 56 699 699
16 57 233 233
16 58 123 123
16 59 360 360
16 60 714 714
16 61 225 225
16 62 771 771
16 63 507 507
16 64 234 234
16 65 126 126
16 66 240 240
16 67 557 557
16 68 119 119
16 69 231 231
16 70 581 581
16 71 160 160
16 72 454 454
16 73 136 136
16 74 465 465
16 75 366 366
16 76 201 201
16 77 195 195
16 78 572 572
16 79 287 287
16 80 271 271
16 81 35 35
16 82 620 620
16 83 311 311
16 84 158 158
16 85 362 362
16 86 154 154
16 87 354 354
16 88 75 75
16 89 725 725
16 90 346 346
16 91 532 532
16 92 205 205
16 93 530 530
16 94 614 614
16 95 165 165
16 96 319 319
16 97 600 600
16 98 390 390
16 99 341 341
16 100 590 590
17 18 250 250
17 19 123 123
17 20 272 272
17 21 222 222
17 22 127 127
17 23 583 583
17 24 145 145
17 25 49 49
17 26 122 122
17 27 208 208
17 28 162 162
17 29 218 218
17 30 306 306
17 31 177 177
17 32 20 20
17 33 311 311
17 34 153 153
17 35 264 264
17 36 84 84
17 37 60 60
17 38 292 292
17 39 34 34
17 40 397 397
17 41 99 99
17 42 150 150
17 43 212 212
17 44 399 399
17 45 370 370
17 46 460 460
17 47 166 166
17 48 194 194
17 49 459 459
17 50 230 230
17 51 276 276
17 52 49 49
17 53 162 162
17 54 148 148
17 55 516 516
17 56 535 535
17 57 281 281
17 58 233 233
17 59 424 424
17 60 523 523
17 61 214 214
17 62 520 520
17 63 427 427
17 64 213 213
17 65 303 303
17 66 124 124
17 67 371 371
17 68 308 308
17 69 143 143
17 70 395 395
17 71 289 289
17 72 285 285
17 73 220 220
17 74 115 115
17 75 29 29
17 76 173 173
17 77 171 171
17 78 525 525
17 79 175 175
17 80 100 100
17 81 369 369
17 82 452 452
17 83 131 131
17 84 346 346
17 85 61 61
17 86 236 236
17 87 140 140
17 88 407 407
17 89 583 583
17 90 49 49
17 91 465 465
17 92 357 357
17 93 343 343
17 94 481 481
17 95 283 283
17 96 182 182
17 97 432 432
17 98 52 52
17 99 85 85
17 100 467 467
18 19 217 217
18 20 122 122
18 21 280 280
18 22 310 310
18 23 775 775
18 24 205 205
18 25 232 232
18 26 213 213
18 27 305 305
18 28 123 123
18 29 164 164
18 30 264 264
18 31 217 217
18 32 267 267
18 33 273 273
18 34 274 274
18 35 393 393
18 36 332 332
18 37 254 254
18 38 196 196
18 39 217 217
18 40 345 345
18 41 176 176
18 42 167 167
18 43 188 188
18 44 623 623
18 45 360 360
18 46 701 701
18 47 207 207
18 48 220 220
18 49 664 664
18 50 99 99
18 51 218 218
18 52 265 265
18 53 144 144
18 54 126 126
18 55 724 724
18 56 764 764
18 57 134 134
18 58 208 208
18 59 546 546
18 60 760 760
18 61 303 303
18 62 768 768
18 63 621 621
18 64 61 61
18 65 259 259
18 66 193 193
18 67 596 596
18 68 201 201
18 69 205 205
18 70 622 622
18 71 336 336
18 72 503 503
18 73 199 199
18 74 354 354
18 75 260 260
18 76 137 137
18 77 160 160
18 78 710 710
18 79 311 311
18 80 238 238
18 81 310 310
18 82 678 678
18 83 137 137
18 84 253 253
18 85 230 230
18 86 279 279
18 87 147 147
18 88 353 353
18 89 808 808
18 90 206 206
18 91 656 656
18 92 391 391
18 93 565 565
18 94 699 699
18 95 337 337
18 96 122 122
18 97 660 660
18 98 302 302
18 99 201 201
18 100 681 681
19 20 216 216
19 21 155 155
19 22 101 101
19 23 578 578
19 24 61 61
19 25 105 105
19 26 74 74
19 27 130 130
19 28 116 116
19 29 138 138
19 30 222 222
19 31 192 192
19 32 103 103
19 33 231 231
19 34 76 76
19 35 219 219
19 36 167 167
19 37 63 63
19 38 211 211
19 39 120 120
19 40 313 313
19 41 135 135
19 42 69 69
19 43 128 128
19 44 419 419
19 45 291 291
19 46 497 497
19 47 103 103
19 48 110 110
19 49 462 462
19 50 197 197
19 51 194 194
19 52 138 138
19 53 92 92
19 54 145 145
19 55 522 522
19 56 558 558
19 57 228 228
19 58 149 149
19 59 382 382
19 60 557 557
19 61 154 154
19 62 570 570
19 63 422 422
19 64 177 177
19 65 219 219
19 66 68 68
19 67 397 397
19 68 227 227
19 69 66 66
19 70 416 416
19 71 218 218
19 72 297 297
19 73 138 138
19 74 206 206
19 75 94 94
19 76 106 106
19 77 90 90
19 78 515 515
19 79 111 111
19 80 23 23
19 81 285 285
19 82 473 473
19 83 112 112
19 84 266 266
19 85 129 129
19 86 164 164
19 87 139 139
19 88 323 323
19 89 602 602
19 90 123 123
19 91 458 458
19 92 285 285
19 93 365 365
19 94 493 493
19 95 212 212
19 96 165 165
19 97 453 453
19 98 136 136
19 99 82 82
19 100 477 477
20 21 262 262
20 22 310 310
20 23 767 767
20 24 200 200
20 25 252 252
20 26 150 150
20 27 300 300
20 28 142 142
20 29 167 167
20 30 231 231
20 31 197 197
20 32 290 290
20 33 224 224
20 34 275 275
20 35 381 381
20 36 355 355
20 37 266 266
20 38 144 144
20 39 238 238
20 40 293 293
20 41 176 176
20 42 163 163
20 43 169 169
20 44 635 635
20 45 325 325
20 46 713 713
20 47 197 197
20 48 204 204
20 49 661 661
20 50 50 50
20 51 184 184
20 52 290 290
20 53 152 152
20 54 124 124
20 55 722 722
20 56 770 770
20 57 12 12
20 58 184 184
20 59 527 527
20 60 769 769
20 61 289 289
20 62 785 785
20 63 615 615
20 64 61 61
20 65 203 203
20 66 199 199
20 67 603 603
20 68 162 162
20 69 203 203
20 70 630 630
20 71 314 314
20 72 507 507
20 73 177 177
20 74 381 381
20 75 283 283
20 76 138 138
20 77 167 167
20 78 701 701
20 79 310 310
20 80 239 239
20 81 273 273
20 82 684 684
20 83 155 155
20 84 152 152
20 85 256 256
20 86 260 260
20 87 184 184
20 88 313 313
20 89 811 811
20 90 232 232
20 91 649 649
20 92 362 362
20 93 573 573
20 94 699 699
20 95 315 315
20 96 141 141
20 97 664 664
20 98 323 323
20 99 226 226
20 100 680 680
21 22 134 134
21 23 511 511
21 24 109 109
21 25 214 214
21 26 187 187
21 27 171 171
21 28 169 169
21 29 122 122
21 30 117 117
21 31 325 325
21 32 234 234
21 33 187 187
21 34 124 124
21 35 157 157
21 36 279 279
21 37 162 162
21 38 171 171
21 39 205 205
21 40 200 200
21 41 194 194
21 42 135 135
21 43 96 96
21 44 436 436
21 45 172 172
21 46 517 517
21 47 107 107
21 48 60 60
21 49 415 415
21 50 257 257
21 51 117 117
21 52 269 269
21 53 142 142
21 54 200 200
21 55 475 475
21 56 541 541
21 57 265 265
21 58 86 86
21 59 266 266
21 60 553 553
21 61 32 32
21 62 601 601
21 63 364 364
21 64 219 219
21 65 145 145
21 66 144 144
21 67 394 394
21 68 189 189
21 69 129 129
21 70 414 414
21 71 71 71
21 72 287 287
21 73 88 88
21 74 314 314
21 75 227 227
21 76 145 145
21 77 123 123
21 78 451 451
21 79 120 120
21 80 132 132
21 81 171 171
21 82 458 458
21 83 237 237
21 84 223 223
21 85 238 238
21 86 131 131
21 87 274 274
21 88 198 198
21 89 573 573
21 90 230 230
21 91 396 396
21 92 141 141
21 93 362 362
21 94 461 461
21 95 68 68
21 96 274 274
21 97 439 439
21 98 251 251
21 99 237 237
21 100 439 439
22 23 479 479
22 24 116 116
22 25 128 128
22 26 175 175
22 27 81 81
22 28 189 189
22 29 200 200
22 30 246 246
22 31 285 285
22 32 139 139
22 33 290 290
22 34 38 38
22 35 144 144
22 36 148 148
22 37 67 67
22 38 271 271
22 39 143 143
22 40 334 334
22 41 150 150
22 42 148 148
22 43 174 174
22 44 343 343
22 45 283 283
22 46 424 424
22 47 128 128
22 48 143 143
22 49 361 361
22 50 283 283
22 51 233 233
22 52 167 167
22 53 171 171
22 54 200 200
22 55 421 421
22 56 467 467
22 57 316 316
22 58 189 189
22 59 303 303
22 60 460 460
22 61 130 130
22 62 508 508
22 63 351 351
22 64 251 251
22 65 256 256
22 66 119 119
22 67 296 296
22 68 289 289
22 69 107 107
22 70 325 325
22 71 189 189
22 72 198 198
22 73 182 182
22 74 187 187
22 75 132 132
22 76 181 181
22 77 165 165
22 78 416 416
22 79 75 75
22 80 78 78
22 81 305 305
22 82 381 381
22 83 210 210
22 84 328 328
22 85 152 152
22 86 153 153
22 87 231 231
22 88 332 332
22 89 503 503
22 90 157 157
22 91 389 389
22 92 256 256
22 93 264 264
22 94 394 394
22 95 184 184
22 96 262 262
22 97 401 401
22 98 117 117
22 99 158 158
22 100 376 376
23 24 570 570
23 25 597 597
23 26 651 651
23 27 472 472
23 28 655 655
23 29 633 633
23 30 596 596
23 31 757 757
23 32 580 580
23 33 691 691
23 34 504 504
23 35 390 390
23 36 550 550
23 37 543 543
23 38 678 678
23 39 601 601
23 40 634 634
23 41 629 629
23 42 608 608
23 43 603 603
23 44 310 310
23 45 544 544
23 46 325 325
23 47 570 570
23 48 567 567
23 49 161 161
23 50 751 751
23 51 620 620
23 52 616 616
23 53 631 631
23 54 675 675
23 55 222 222
23 56 197 197
23 57 771 771
23 58 597 597
23 59 287 287
23 60 249 249
23 61 485 485
23 62 386 386
23 63 157 157
23 64 716 716
23 65 621 621
23 66 591 591
23 67 299 299
23 68 695 695
23 69 574 574
23 70 259 259
23 71 483 483
23 72 303 303
23 73 599 599
23 74 569 569
23 75 579 579
23 76 639 639
23 77 618 618
23 78 68 68
23 79 467 467
23 80 555 555
23 81 615 615
23 82 252 252
23 83 688 688
23 84 724 724
23 85 617 617
23 86 519 519
23 87 707 707
23 88 607 607
23 89 166 166
23 90 630 630
23 91 129 129
23 92 507 507
23 93 288 288
23 94 148 148
23 95 479 479
23 96 740 740
23 97 248 248
23 98 550 550
23 99 631 631
23 100 175 175
24 25 153 153
24 26 96 96
24 27 100 100
24 28 85 85
24 29 87 87
24 30 161 161
24 31 233 233
24 32 164 164
24 33 180 180
24 34 124 124
24 35 191 191
24 36 217 217
24 37 100 100
24 38 162 162
24 39 146 146
24 40 252 252
24 41 85 85
24 42 38 38
24 43 70 70
24 44 445 445
24 45 231 231
24 46 526 526
24 47 80 80
24 48 49 49
24 49 461 461
24 50 181 181
24 51 133 133
24 52 194 194
24 53 61 61
24 54 112 112
24 55 522 522
24 56 571 571
24 57 205 205
24 58 89 89
24 59 349 349
24 60 573 573
24 61 105 105
24 62 602 602
24 63 419 419
24 64 146 146
24 65 159 159
24 66 74 74
24 67 407 407
24 68 179 179
24 69 72 72
24 70 434 434
24 71 163 163
24 72 309 309
24 73 77 77
24 74 254 254
24 75 155 155
24 76 75 75
24 77 51 51
24 78 505 505
24 79 110 110
24 80 71 71
24 81 224 224
24 82 486 486
24 83 145 145
24 84 218 218
24 85 167 167
24 86 103 103
24 87 182 182
24 88 264 264
24 89 611 611
24 90 143 143
24 91 451 451
24 92 230 230
24 93 380 380
24 94 500 500
24 95 169 169
24 96 187 187
24 97 466 466
24 98 190 190
24 99 140 140
24 100 480 480
25 26 171 171
25 27 187 187
25 28 144 144
25 29 204 204
25 30 295 295
25 31 163 163
25 32 65 65
25 33 296 296
25 34 135 135
25 35 272 272
25 36 103 103
25 37 109 109
25 38 276 276
25 39 15 15
25 40 386 386
25 41 80 80
25 42 135 135
25 43 192 192
25 44 400 400
25 45 363 363
25 46 474 474
25 47 155 155
25 48 184 184
25 49 474 474
25 50 210 210
25 51 263 263
25 52 55 55
25 53 143 143
25 54 128 128
25 55 531 531
25 56 552 552
25 57 262 262
25 58 220 220
25 59 430 430
25 60 541 541
25 61 211 211
25 62 550 550
25 63 441 441
25 64 193 193
25 65 290 290
25 66 103 103
25 67 382 382
25 68 291 291
25 69 115 115
25 70 407 407
25 71 283 283
25 72 302 302
25 73 207 207
25 74 142 142
25 75 74 74
25 76 156 156
25 77 156 156
25 78 539 539
25 79 151 151
25 80 82 82
25 81 358 358
25 82 467 467
25 83 109 109
25 84 329 329
25 85 24 24
25 86 230 230
25 87 113 113
25 88 396 396
25 89 600 600
25 90 44 44
25 91 478 478
25 92 353 353
25 93 350 350
25 94 496 496
25 95 279 279
25 96 167 167
25 97 449 449
25 98 101 101
25 99 36 36
25 100 484 484
26 27 191 191
26 28 125 125
26 29 127 127
26 30 229 229
26 31 265 265
26 32 141 141
26 33 220 220
26 34 150 150
26 35 282 282
26 36 206 206
26 37 137 137
26 38 185 185
26 39 156 156
26 40 316 316
26 41 166 166
26 42 100 100
26 43 137 137
26 44 493 493
26 45 313 313
26 46 571 571
26 47 127 127
26 48 142 142
26 49 535 535
26 50 191 191
26 51 203 203
26 52 148 148
26 53 123 123
26 54 162 162
26 55 596 596
26 56 631 631
26 57 159 159
26 58 153 153
26 59 444 444
26 60 631 631
26 61 200 200
26 62 640 640
26 63 495 495
26 64 179 179
26 65 216 216
26 66 136 136
26 67 462 462
26 68 203 203
26 69 133 133
26 70 488 488
26 71 256 256
26 72 371 371
26 73 150 150
26 74 237 237
26 75 150 150
26 76 137 137
26 77 79 79
26 78 587 587
26 79 185 185
26 80 97 97
26 81 292 292
26 82 545 545
26 83 186 186
26 84 234 234
26 85 182 182
26 86 199 199
26 87 90 90
26 88 331 331
26 89 675 675
26 90 171 171
26 91 531 531
26 92 322 322
26 93 439 439
26 94 567 567
26 95 255 255
26 96 91 91
26 97 526 526
26 98 174 174
26 99 156 156
26 100 550 550
27 28 185 185
27 29 163 163
27 30 177 177
27 31 321 321
27 32 198 198
27 33 242 242
27 34 64 64
27 35 91 91
27 36 229 229
27 37 148 148
27 38 227 227
27 39 181 181
27 40 259 259
27 41 174 174
27 42 138 138
27 43 133 133
27 44 377 377
27 45 203 203
27 46 458 458
27 47 140 140
27 48 130 130
27 49 367 367
27 50 281 281
27 51 175 175
27 52 235 235
27 53 161 161
27 54 211 211
27 55 428 428
27 56 489 489
27 57 300 300
27 58 152 152
27 59 253 253
27 60 495 495
27 61 142 142
27 62 544 544
27 63 325 325
27 64 245 245
27 65 190 190
27 66 127 127
27 67 329 329
27 68 245 245
27 69 115 115
27 70 356 356
27 71 108 108
27 72 229 229
27 73 141 141
27 74 268 268
27 75 197 197
27 76 168 168
27 77 147 147
27 78 406 406
27 79 54 54
27 80 114 114
27 81 231 231
27 82 403 403
27 83 237 237
27 84 279 279
27 85 211 211
27 86 79 79
27 87 268 268
27 88 256 256
27 89 525 525
27 90 210 210
27 91 363 363
27 92 175 175
27 93 345 345
27 94 425 425
27 95 103 103
27 96 282 282
27 97 383 383
27 98 195 195
27 99 212 212
27 100 405 405
28 29 94 94
28 30 189 189
28 31 171 171
28 32 182 182
28 33 187 187
28 34 155 155
28 35 275 275
28 36 246 246
28 37 146 146
28 38 139 139
28 39 159 159
28 40 273 273
28 41 64 64
28 42 47 47
28 43 115 115
28 44 515 515
28 45 278 278
28 46 592 592
28 47 94 94
28 48 109 109
28 49 544 544
28 50 101 101
28 51 146 146
28 52 193 193
28 53 70 70
28 54 125 125
28 55 605 605
28 56 649 649
28 57 154 154
28 58 116 116
28 59 432 432
28 60 647 647
28 61 187 187
28 62 665 665
28 63 501 501
28 64 90 90
28 65 174 174
28 66 70 70
28 67 481 481
28 68 157 157
28 69 84 84
28 70 509 509
28 71 231 231
28 72 387 387
28 73 123 123
28 74 277 277
28 75 174 174
28 76 84 84
28 77 46 46
28 78 590 590
28 79 191 191
28 80 115 115
28 81 248 248
28 82 563 563
28 83 87 87
28 84 188 188
28 85 155 155
28 86 171 171
28 87 130 130
28 88 291 291
28 89 691 691
28 90 134 134
28 91 535 535
28 92 294 294
28 93 453 453
28 94 581 581
28 95 231 231
28 96 121 121
28 97 545 545
28 98 211 211
28 99 155 155
28 100 562 562
29 30 111 111
29 31 249 249
29 32 238 238
29 33 189 189
29 34 170 170
29 35 244 244
29 36 297 297
29 37 183 183
29 38 75 75
29 39 190 190
29 40 194 194
29 41 130 130
29 42 69 69
29 43 70 70
29 44 529 529
29 45 205 205
29 46 610 610
29 47 80 80
29 48 67 67
29 49 530 530
29 50 144 144
29 51 134 134
29 52 258 258
29 53 64 64
29 54 131 131
29 55 591 591
29 56 649 649
29 57 179 179
29 58 89 89
29 59 388 388
29 60 655 655
29 61 151 151
29 62 687 687
29 63 482 482
29 64 106 106
29 65 95 95
29 66 105 105
29 67 487 487
29 68 92 92
29 69 101 101
29 70 516 516
29 71 186 186
29 72 389 389
29 73 78 78
29 74 333 333
29 75 229 229
29 76 78 78
29 77 48 48
29 78 565 565
29 79 191 191
29 80 143 143
29 81 174 174
29 82 565 565
29 83 166 166
29 84 131 131
29 85 220 220
29 86 127 127
29 87 208 208
29 88 212 212
29 89 685 685
29 90 202 202
29 91 515 515
29 92 227 227
29 93 460 460
29 94 580 580
29 95 189 189
29 96 194 194
29 97 546 546
29 98 261 261
29 99 197 197
29 100 553 553
30 31 360 360
30 32 324 324
30 33 180 180
30 34 212 212
30 35 223 223
30 36 374 374
30 37 257 257
30 38 97 97
30 39 283 283
30 40 91 91
30 41 232 232
30 42 166 166
30 43 107 107
30 44 552 552
30 45 97 97
30 46 633 633
30 47 145 145
30 48 113 113
30 49 513 513
30 50 251 251
30 51 126 126
30 52 350 350
30 53 172 172
30 54 228 228
30 55 573 573
30 56 649 649
30 57 225 225
30 58 76 76
30 59 325 325
30 60 663 663
30 61 149 149
30 62 716 716
30 63 460 460
30 64 217 217
30 65 28 28
30 66 194 194
30 67 506 506
30 68 115 115
30 69 181 181
30 70 526 526
30 71 113 113
30 72 401 401
30 73 143 143
30 74 413 413
30 75 316 316
30 76 164 164
30 77 150 150
30 78 528 528
30 79 231 231
30 80 220 220
30 81 63 63
30 82 567 567
30 83 275 275
30 84 129 129
30 85 316 316
30 86 99 99
30 87 317 317
30 88 103 103
30 89 677 677
30 90 301 301
30 91 487 487
30 92 138 138
30 93 476 476
30 94 565 565
30 95 118 118
30 96 293 293
30 97 547 547
30 98 337 337
30 99 297 297
30 100 541 541
31 32 195 195
31 33 312 312
31 34 267 267
31 35 411 411
31 36 256 256
31 37 220 220
31 38 310 310
31 39 157 157
31 40 440 440
31 41 235 235
31 42 205 205
31 43 257 257
31 44 559 559
31 45 448 448
31 46 635 635
31 47 247 247
31 48 272 272
31 49 635 635
31 50 195 195
31 51 316 316
31 52 189 189
31 53 192 192
31 54 137 137
31 55 692 692
31 56 709 709
31 57 208 208
31 58 287 287
31 59 574 574
31 60 695 695
31 61 336 336
31 62 678 678
31 63 601 601
31 64 190 190
31 65 344 344
31 66 199 199
31 67 540 540
31 68 315 315
31 69 219 219
31 70 564 564
31 71 394 394
31 72 462 462
31 73 274 274
31 74 279 279
31 75 204 204
31 76 197 197
31 77 215 215
31 78 697 697
31 79 301 301
31 80 215 215
31 81 418 418
31 82 625 625
31 83 88 88
31 84 348 348
31 85 154 154
31 86 334 334
31 87 175 175
31 88 461 461
31 89 759 759
31 90 130 130
31 91 638 638
31 92 460 460
31 93 508 508
31 94 658 658
31 95 392 392
31 96 223 223
31 97 609 609
31 98 229 229
31 99 127 127
31 100 644 644
32 33 331 331
32 34 141 141
32 35 272 272
32 36 65 65
32 37 72 72
32 38 311 311
32 39 54 54
32 40 415 415
32 41 119 119
32 42 169 169
32 43 223 223
32 44 380 380
32 45 386 386
32 46 440 440
32 47 184 184
32 48 211 211
32 49 464 464
32 50 247 247
32 51 295 295
32 52 53 53
32 53 179 179
32 54 168 168
32 55 517 517
32 56 525 525
32 57 300 300
32 58 252 252
32 59 430 430
32 60 511 511
32 61 227 227
32 62 504 504
32 63 423 423
32 64 232 232
32 65 322 322
32 66 144 144
32 67 355 355
32 68 327 327
32 69 148 148
32 70 380 380
32 71 301 301
32 72 286 286
32 73 240 240
32 74 104 104
32 75 9 9
32 76 193 193
32 77 190 190
32 78 522 522
32 79 155 155
32 80 105 105
32 81 386 386
32 82 440 440
32 83 144 144
32 84 365 365
32 85 41 41
32 86 251 251
32 87 142 142
32 88 425 425
32 89 574 574
32 90 65 65
32 91 461 461
32 92 370 370
32 93 323 323
32 94 472 472
32 95 296 296
32 96 197 197
32 97 423 423
32 98 37 37
32 99 68 68
32 100 463 463
33 34 253 253
33 35 304 304
33 36 391 391
33 37 278 278
33 38 123 123
33 39 281 281
33 40 141 141
33 41 218 218
33 42 162 162
33 43 163 163
33 44 615 615
33 45 214 214
33 46 696 696
33 47 163 163
33 48 148 148
33 49 599 599
33 50 174 174
33 51 71 71
33 52 347 347
33 53 153 153
33 54 191 191
33 55 660 660
33 56 727 727
33 57 235 235
33 58 104 104
33 59 429 429
33 60 736 736
33 61 219 219
33 62 776 776
33 63 549 549
33 64 212 212
33 65 174 174
33 66 198 198
33 67 570 570
33 68 141 141
33 69 203 203
33 70 597 597
33 71 215 215
33 72 471 471
33 73 127 127
33 74 426 426
33 75 323 323
33 76 167 167
33 77 141 141
33 78 625 625
33 79 277 277
33 80 243 243
33 81 187 187
33 82 644 644
33 83 239 239
33 84 175 175
33 85 310 310
33 86 174 174
33 87 280 280
33 88 171 171
33 89 760 760
33 90 290 290
33 91 578 578
33 92 256 256
33 93 544 544
33 94 647 647
33 95 214 214
33 96 236 236
33 97 624 624
33 98 354 354
33 99 291 291
33 100 625 625
34 35 155 155
34 36 170 170
34 37 93 93
34 38 234 234
34 39 120 120
34 40 303 303
34 41 125 125
34 42 123 123
34 43 136 136
34 44 367 367
34 45 267 267
34 46 448 448
34 47 90 90
34 48 106 106
34 49 390 390
34 50 250 250
34 51 196 196
34 52 178 178
34 53 146 146
34 54 175 175
34 55 451 451
34 56 496 496
34 57 281 281
34 58 152 152
34 59 316 316
34 60 496 496
34 61 92 92
34 62 525 525
34 63 348 348
34 64 218 218
34 65 218 218
34 66 98 98
34 67 329 329
34 68 252 252
34 69 72 72
34 70 357 357
34 71 167 167
34 72 233 233
34 73 147 147
34 74 209 209
34 75 134 134
34 76 145 145
34 77 128 128
34 78 445 445
34 79 37 37
34 80 53 53
34 81 275 275
34 82 410 410
34 83 188 188
34 84 291 291
34 85 147 147
34 86 143 143
34 87 215 215
34 88 302 302
34 89 536 536
34 90 148 148
34 91 384 384
34 92 237 237
34 93 300 300
34 94 427 427
34 95 163 163
34 96 237 237
34 97 390 390
34 98 155 155
34 99 149 149
34 100 408 408
35 36 286 286
35 37 211 211
35 38 290 290
35 39 265 265
35 40 311 311
35 41 265 265
35 42 228 228
35 43 213 213
35 44 347 347
35 45 202 202
35 46 428 428
35 47 186 186
35 48 177 177
35 49 302 302
35 50 370 370
35 51 234 234
35 52 311 311
35 53 250 250
35 54 302 302
35 55 356 356
35 56 430 430
35 57 383 383
35 58 208 208
35 59 163 163
35 60 449 449
35 61 125 125
35 62 512 512
35 63 259 259
35 64 333 333
35 65 240 240
35 66 218 218
35 67 288 288
35 68 308 308
35 69 206 206
35 70 320 320
35 71 110 110
35 72 193 193
35 73 213 213
35 74 323 323
35 75 276 276
35 76 256 256
35 77 234 234
35 78 322 322
35 79 123 123
35 80 197 197
35 81 254 254
35 82 370 370
35 83 328 328
35 84 340 340
35 85 291 291
35 86 130 130
35 87 358 358
35 88 268 268
35 89 458 458
35 90 294 294
35 91 274 274
35 92 149 149
35 93 268 268
35 94 346 346
35 95 105 105
35 96 373 373
35 97 350 350
35 98 258 258
35 99 294 294
35 100 340 340
36 37 117 117
36 38 372 372
36 39 118 118
36 40 465 465
36 41 183 183
36 42 230 230
36 43 279 279
36 44 315 315
36 45 428 428
36 46 396 396
36 47 236 236
36 48 262 262
36 49 422 422
36 50 312 312
36 51 349 349
36 52 106 106
36 53 241 241
36 54 231 231
36 55 478 478
36 56 482 482
36 57 365 365
36 58 305 305
36 59 434 434
36 60 460 460
36 61 262 262
36 62 473 473
36 63 400 400
36 64 296 296
36 65 375 375
36 66 194 194
36 67 311 311
36 68 387 387
36 69 198 198
36 70 374 374
36 71 336 336
36 72 247 247
36 73 293 293
36 74 39 39
36 75 73 73
36 76 255 255
36 77 250 250
36 78 497 497
36 79 201 201
36 80 156 156
36 81 436 436
36 82 396 396
36 83 208 208
36 84 426 426
36 85 102 102
36 86 293 293
36 87 200 200
36 88 470 470
36 89 529 529
36 90 126 126
36 91 436 436
36 92 403 403
36 93 279 279
36 94 443 443
36 95 332 332
36 96 259 259
36 97 379 379
36 98 38 38
36 99 132 132
36 100 424 424
37 38 258 258
37 39 94 94
37 40 348 348
37 41 94 94
37 42 118 118
37 43 164 164
37 44 369 369
37 45 314 314
37 46 447 447
37 47 120 120
37 48 145 145
37 49 428 428
37 50 232 232
37 51 232 232
37 52 109 109
37 53 141 141
37 54 162 162
37 55 481 481
37 56 512 512
37 57 274 274
37 58 188 188
37 59 368 368
37 60 514 514
37 61 171 171
37 62 519 519
37 63 407 407
37 64 209 209
37 65 258 258
37 66 85 85
37 67 342 342
37 68 275 275
37 69 83 83
37 70 381 381
37 71 229 229
37 72 254 254
37 73 177 177
37 74 156 156
37 75 65 65
37 76 148 148
37 77 139 139
37 78 482 482
37 79 128 128
37 80 40 40
37 81 319 319
37 82 426 426
37 83 147 147
37 84 314 314
37 85 85 85
37 86 180 180
37 87 164 164
37 88 355 355
37 89 557 557
37 90 90 90
37 91 423 423
37 92 298 298
37 93 331 331
37 94 450 450
37 95 224 224
37 96 206 206
37 97 407 407
37 98 107 107
37 99 140 140
37 100 443 443
38 39 261 261
38 40 149 149
38 41 199 199
38 42 143 143
38 43 98 98
38 44 597 597
38 45 191 191
38 46 678 678
38 47 144 144
38 48 130 130
38 49 585 585
38 50 164 164
38 51 65 65
38 52 328 328
38 53 134 134
38 54 200 200
38 55 646 646
38 56 712 712
38 57 132 132
38 58 93 93
38 59 416 416
38 60 719 719
38 61 203 203
38 62 758 758
38 63 534 534
38 64 135 135
38 65 69 69
38 66 178 178
38 67 553 553
38 68 18 18
38 69 176 176
38 70 580 580
38 71 198 198
38 72 453 453
38 73 121 121
38 74 406 406
38 75 302 302
38 76 121 121
38 77 123 123
38 78 610 610
38 79 259 259
38 80 218 218
38 81 136 136
38 82 627 627
38 83 222 222
38 84 57 57
38 85 291 291
38 86 160 160
38 87 263 263
38 88 176 176
38 89 744 744
38 90 271 271
38 91 564 564
38 92 234 234
38 93 526 526
38 94 632 632
38 95 201 201
38 96 222 222
38 97 609 609
38 98 335 335
38 99 266 266
38 100 610 610
39 40 373 373
39 41 95 95
39 42 121 121
39 43 178 178
39 44 410 410
39 45 356 356
39 46 489 489
39 47 143 143
39 48 172 172
39 49 488 488
39 50 197 197
39 51 249 249
39 52 70 70
39 53 128 128
39 54 114 114
39 55 538 538
39 56 561 561
39 57 248 248
39 58 207 207
39 59 427 427
39 60 555 555
39 61 204 204
39 62 554 554
39 63 445 445
39 64 179 179
39 65 277 277
39 66 90 90
39 67 391 391
39 68 276 276
39 69 130 130
39 70 416 416
39 71 276 276
39 72 307 307
39 73 194 194
39 74 147 147
39 75 63 63
39 76 142 142
39 77 142 142
39 78 541 541
39 79 149 149
39 80 97 97
39 81 345 345
39 82 476 476
39 83 98 98
39 84 315 315
39 85 39 39
39 86 229 229
39 87 106 106
39 88 384 384
39 89 608 608
39 90 29 29
39 91 482 482
39 92 345 345
39 93 359 359
39 94 503 503
39 95 273 273
39 96 152 152
39 97 457 457
39 98 86 86
39 99 51 51
39 100 499 499
40 41 321 321
40 42 255 255
40 43 196 196
40 44 625 625
40 45 188 188
40 46 706 706
40 47 233 233
40 48 204 204
40 49 565 565
40 50 313 313
40 51 149 149
40 52 441 441
40 53 257 257
40 54 319 319
40 55 622 622
40 56 711 711
40 57 281 281
40 58 166 166
40 59 416 416
40 60 726 726
40 61 226 226
40 62 790 790
40 63 510 510
40 64 284 284
40 65 119 119
40 66 284 284
40 67 569 569
40 68 167 167
40 69 272 272
40 70 598 598
40 71 204 204
40 72 471 471
40 73 205 205
40 74 504 504
40 75 407 407
40 76 248 248
40 77 237 237
40 78 609 609
40 79 311 311
40 80 311 311
40 81 154 154
40 82 631 631
40 83 359 359
40 84 146 146
40 85 406 406
40 86 181 181
40 87 401 401
40 88 194 194
40 89 731 731
40 90 391 391
40 91 548 548
40 92 229 229
40 93 548 548
40 94 621 621
40 95 209 209
40 96 368 368
40 97 611 611
40 98 428 428
40 99 386 386
40 100 596 596
41 42 66 66
41 43 143 143
41 44 463 463
41 45 312 312
41 46 541 541
41 47 135 135
41 48 134 134
41 49 511 511
41 50 153 153
41 51 195 195
41 52 129 129
41 53 89 89
41 54 144 144
41 55 571 571
41 56 606 606
41 57 185 185
41 58 156 156
41 59 427 427
41 60 600 600
41 61 190 190
41 62 613 613
41 63 472 472
41 64 115 115
41 65 224 224
41 66 102 102
41 67 436 436
41 68 213 213
41 69 123 123
41 70 463 463
41 71 248 248
41 72 346 346
41 73 142 142
41 74 214 214
41 75 110 110
41 76 78 78
41 77 87 87
41 78 565 565
41 79 162 162
41 80 122 122
41 81 294 294
41 82 520 520
41 83 151 151
41 84 251 251
41 85 92 92
41 86 188 188
41 87 97 97
41 88 335 335
41 89 650 650
41 90 116 116
41 91 509 509
41 92 315 315
41 93 414 414
41 94 542 542
41 95 246 246
41 96 112 112
41 97 501 501
41 98 151 151
41 99 116 116
41 100 526 526
42 43 78 78
42 44 477 477
42 45 247 247
42 46 558 558
42 47 69 69
42 48 75 75
42 49 499 499
42 50 143 143
42 51 129 129
42 52 189 189
42 53 23 23
42 54 78 78
42 55 560 560
42 56 607 607
42 57 169 169
42 58 95 95
42 59 385 385
42 60 607 607
42 61 141 141
42 62 634 634
42 63 455 455
42 64 108 108
42 65 158 158
42 66 36 36
42 67 441 441
42 68 158 158
42 69 72 72
42 70 472 472
42 71 190 190
42 72 345 345
42 73 76 76
42 74 264 264
42 75 163 163
42 76 37 37
42 77 21 21
42 78 543 543
42 79 147 147
42 80 81 81
42 81 228 228
42 82 523 523
42 83 127 127
42 84 197 197
42 85 158 158
42 86 130 130
42 87 163 163
42 88 269 269
42 89 648 648
42 90 150 150
42 91 489 489
42 92 255 255
42 93 412 412
42 94 536 536
42 95 194 194
42 96 155 155
42 97 503 503
42 98 192 192
42 99 131 131
42 100 518 518
43 44 501 501
43 45 191 191
43 46 582 582
43 47 46 46
43 48 36 36
43 49 500 500
43 50 166 166
43 51 104 104
43 52 246 246
43 53 66 66
43 54 152 152
43 55 561 561
43 56 619 619
43 57 171 171
43 58 59 59
43 59 358 358
43 60 625 625
43 61 121 121
43 62 661 661
43 63 452 452
43 64 157 157
43 65 99 99
43 66 89 89
43 67 458 458
43 68 116 116
43 69 81 81
43 70 486 486
43 71 155 155
43 72 359 359
43 73 48 48
43 74 316 316
43 75 215 215
43 76 80 80
43 77 69 69
43 78 535 535
43 79 165 165
43 80 124 124
43 81 170 170
43 82 535 535
43 83 181 181
43 84 155 155
43 85 211 211
43 86 97 97
43 87 212 212
43 88 210 210
43 89 655 655
43 90 195 195
43 91 484 484
43 92 208 208
43 93 431 431
43 94 543 543
43 95 149 149
43 96 198 198
43 97 515 515
43 98 242 242
43 99 190 190
43 100 522 522
44 45 549 549
44 46 81 81
44 47 456 456
44 48 467 467
44 49 196 196
44 50 601 601
44 51 551 551
44 52 421 421
44 53 497 497
44 54 522 522
44 55 216 216
44 56 170 170
44 57 643 643
44 58 513 513
44 59 390 390
44 60 145 145
44 61 409 409
44 62 167 167
44 63 242 242
44 64 578 578
44 65 567 567
44 66 445 445
44 67 111 111
44 68 615 615
44 69 437 437
44 70 200 200
44 71 455 455
44 72 155 155
44 73 512 512
44 74 354 354
44 75 388 388
44 76 511 511
44 77 494 494
44 78 289 289
44 79 338 338
44 80 400 400
44 81 598 598
44 82 103 103
44 83 508 508
44 84 654 654
44 85 409 409
44 86 453 453
44 87 512 512
44 88 613 613
44 89 227 227
44 90 429 429
44 91 241 241
44 92 494 494
44 93 79 79
44 94 162 162
44 95 450 450
44 96 562 562
44 97 99 99
44 98 353 353
44 99 435 435
44 100 172 172
45 46 629 629
45 47 219 219
45 48 206 206
45 49 476 476
45 50 342 342
45 51 143 143
45 52 418 418
45 53 257 257
45 54 321 321
45 55 537 537
45 56 625 625
45 57 321 321
45 58 167 167
45 59 319 319
45 60 643 643
45 61 185 185
45 62 714 714
45 63 461 461
45 64 307 307
45 65 122 122
45 66 266 266
45 67 489 489
45 68 200 200
45 69 250 250
45 70 521 521
45 71 110 110
45 72 394 394
45 73 175 175
45 74 466 466
45 75 378 378
45 76 252 252
45 77 238 238
45 78 476 476
45 79 257 257
45 80 282 282
45 81 75 75
45 82 547 547
45 83 362 362
45 84 226 226
45 85 386 386
45 86 135 135
45 87 403 403
45 88 112 112
45 89 643 643
45 90 374 374
45 91 473 473
45 92 178 178
45 93 470 470
45 94 535 535
45 95 104 104
45 96 385 385
45 97 539 539
45 98 391 391
45 99 371 371
45 100 508 508
46 47 537 537
46 48 548 548
46 49 238 238
46 50 678 678
46 51 632 632
46 52 461 461
46 53 577 577
46 54 602 602
46 55 233 233
46 56 145 145
46 57 721 721
46 58 593 593
46 59 459 459
46 60 100 100
46 61 490 490
46 62 86 86
46 63 291 291
46 64 652 652
46 65 648 648
46 66 526 526
46 67 141 141
46 68 696 696
46 69 516 516
46 70 119 119
46 71 536 536
46 72 235 235
46 73 590 590
46 74 379 379
46 75 445 445
46 76 589 589
46 77 575 575
46 78 321 321
46 79 419 419
46 80 481 481
46 81 679 679
46 82 123 123
46 83 583 583
46 84 735 735
46 85 481 481
46 86 534 534
46 87 581 581
46 88 692 692
46 89 203 203
46 90 505 505
46 91 284 284
46 92 572 572
46 93 160 160
46 94 227 227
46 95 530 530
46 96 636 636
46 97 133 133
46 98 434 434
46 99 508 508
46 100 200 200
47 48 47 47
47 49 465 465
47 50 184 184
47 51 113 113
47 52 210 210
47 53 65 65
47 54 131 131
47 55 526 526
47 56 579 579
47 57 201 201
47 58 69 69
47 59 342 342
47 60 583 583
47 61 97 97
47 62 615 615
47 63 418 418
47 64 147 147
47 65 139 139
47 66 55 55
47 67 416 416
47 68 162 162
47 69 40 40
47 70 444 444
47 71 147 147
47 72 317 317
47 73 57 57
47 74 274 274
47 75 177 177
47 76 70 70
47 77 48 48
47 78 504 504
47 79 119 119
47 80 80 80
47 81 205 205
47 82 494 494
47 83 159 159
47 84 201 201
47 85 177 177
47 86 87 87
47 87 201 201
47 88 241 241
47 89 617 617
47 90 165 165
47 91 452 452
47 92 214 214
47 93 388 388
47 94 509 509
47 95 153 153
47 96 197 197
47 97 475 475
47 98 199 199
47 99 160 160
47 100 490 490
48 49 464 464
48 50 197 197
48 51 90 90
48 52 239 239
48 53 98 98
48 54 146 146
48 55 525 525
48 56 584 584
48 57 206 206
48 58 46 46
48 59 326 326
48 60 592 592
48 61 85 85
48 62 631 631
48 63 416 416
48 64 159 159
48 65 116 116
48 66 84 84
48 67 426 426
48 68 148 148
48 69 69 69
48 70 451 451
48 71 128 128
48 72 339 339
48 73 45 45
48 74 300 300
48 75 204 204
48 76 85 85
48 77 63 63
48 78 499 499
48 79 129 129
48 80 107 107
48 81 175 175
48 82 499 499
48 83 184 184
48 84 187 187
48 85 205 205
48 86 94 94
48 87 230 230
48 88 216 216
48 89 620 620
48 90 192 192
48 91 448 448
48 92 196 196
48 93 396 396
48 94 513 513
48 95 122 122
48 96 216 216
48 97 479 479
48 98 224 224
48 99 189 189
48 100 486 486
49 50 640 640
49 51 532 532
49 52 499 499
49 53 522 522
49 54 560 560
49 55 61 61
49 56 155 155
49 57 666 666
49 58 500 500
49 59 245 245
49 60 192 192
49 61 383 383
49 62 316 316
49 63 55 55
49 64 607 607
49 65 535 535
49 66 480 480
49 67 139 139
49 68 602 602
49 69 462 462
49 70 153 153
49 71 401 401
49 72 208 208
49 73 500 500
49 74 440 440
49 75 455 455
49 76 535 535
49 77 512 512
49 78 93 93
49 79 354 354
49 80 439 439
49 81 543 543
49 82 115 115
49 83 571 571
49 84 635 635
49 85 491 491
49 86 425 425
49 87 585 585
49 88 543 543
49 89 167 167
49 90 505 505
49 91 93 93
49 92 413 413
49 93 171 171
49 94 65 65
49 95 405 405
49 96 623 623
49 97 111 111
49 98 448 448
49 99 510 510
49 100 38 38
50 51 200 200
50 52 244 244
50 53 120 120
50 54 85 85
50 55 700 700
50 56 741 741
50 57 61 61
50 58 188 188
50 59 523 523
50 60 738 738
50 61 279 279
50 62 748 748
50 63 597 597
50 64 38 38
50 65 223 223
50 66 164 164
50 67 574 574
50 68 166 166
50 69 180 180
50 70 600 600
50 71 315 315
50 72 480 480
50 73 179 179
50 74 336 336
50 75 244 244
50 76 115 115
50 77 136 136
50 78 686 686
50 79 287 287
50 80 207 207
50 81 295 295
50 82 655 655
50 83 107 107
50 84 201 201
50 85 211 211
50 86 257 257
50 87 135 135
50 88 339 339
50 89 785 785
50 90 188 188
50 91 632 632
50 92 370 370
50 93 542 542
50 94 676 676
50 95 315 315
50 96 100 100
50 97 639 639
50 98 282 282
50 99 181 181
50 100 657 657
51 52 317 317
51 53 136 136
51 54 185 185
51 55 590 590
51 56 658 658
51 57 181 181
51 58 50 50
51 59 358 358
51 60 668 668
51 61 149 149
51 62 714 714
51 63 481 481
51 64 165 165
51 65 120 120
51 66 160 160
51 67 504 504
51 68 83 83
51 69 151 151
51 70 531 531
51 71 149 149
51 72 404 404
51 73 56 56
51 74 386 386
51 75 286 286
51 76 122 122
51 77 124 124
51 78 556 556
51 79 216 216
51 80 193 193
51 81 116 116
51 82 575 575
51 83 233 233
51 84 106 106
51 85 281 281
51 86 117 117
51 87 275 275
51 88 145 145
51 89 690 690
51 90 265 265
51 91 507 507
51 92 198 198
51 93 479 479
51 94 578 578
51 95 143 143
51 96 253 253
51 97 556 556
51 98 311 311
51 99 260 260
51 100 555 555
52 53 197 197
52 54 183 183
52 55 543 543
52 56 553 553
52 57 302 302
52 58 275 275
52 59 469 469
52 60 537 537
52 61 263 263
52 62 521 521
52 63 460 460
52 64 234 234
52 65 345 345
52 66 158 158
52 67 387 387
52 68 342 342
52 69 170 170
52 70 411 411
52 71 335 335
52 72 313 313
52 73 262 262
52 74 93 93
52 75 44 44
52 76 207 207
52 77 210 210
52 78 559 559
52 79 206 206
52 80 137 137
52 81 413 413
52 82 472 472
52 83 141 141
52 84 380 380
52 85 79 79
52 86 285 285
52 87 123 123
52 88 451 451
52 89 607 607
52 90 59 59
52 91 498 498
52 92 405 405
52 93 370 370
52 94 504 504
52 95 331 331
52 96 185 185
52 97 462 462
52 98 68 68
52 99 91 91
52 100 493 493
53 54 101 101
53 55 583 583
53 56 630 630
53 57 164 164
53 58 96 96
53 59 406 406
53 60 629 629
53 61 161 161
53 62 651 651
53 63 478 478
53 64 91 91
53 65 159 159
53 66 59 59
53 67 463 463
53 68 148 148
53 69 95 95
53 70 494 494
53 71 207 207
53 72 367 367
53 73 82 82
53 74 274 274
53 75 186 186
53 76 14 14
53 77 44 44
53 78 566 566
53 79 170 170
53 80 104 104
53 81 235 235
53 82 546 546
53 83 150 150
53 84 187 187
53 85 157 157
53 86 147 147
53 87 151 151
53 88 274 274
53 89 671 671
53 90 138 138
53 91 512 512
53 92 274 274
53 93 433 433
53 94 559 559
53 95 210 210
53 96 132 132
53 97 526 526
53 98 204 204
53 99 154 154
53 100 541 541
54 55 620 620
54 56 658 658
54 57 134 134
54 58 155 155
54 59 461 461
54 60 653 653
54 61 217 217
54 62 667 667
54 63 519 519
54 64 65 65
54 65 222 222
54 66 85 85
54 67 489 489
54 68 185 185
54 69 105 105
54 70 515 515
54 71 268 268
54 72 398 398
54 73 154 154
54 74 261 261
54 75 159 159
54 76 115 115
54 77 83 83
54 78 610 610
54 79 210 210
54 80 122 122
54 81 291 291
54 82 572 572
54 83 49 49
54 84 257 257
54 85 152 152
54 86 208 208
54 87 203 203
54 88 330 330
54 89 703 703
54 90 131 131
54 91 557 557
54 92 331 331
54 93 464 464
54 94 592 592
54 95 266 266
54 96 153 153
54 97 554 554
54 98 199 199
54 99 164 164
54 100 576 576
55 56 119 119
55 57 727 727
55 58 561 561
55 59 293 293
55 60 166 166
55 61 443 443
55 62 303 303
55 63 116 116
55 64 668 668
55 65 596 596
55 66 537 537
55 67 174 174
55 68 663 663
55 69 522 522
55 70 214 214
55 71 460 460
55 72 231 231
55 73 561 561
55 74 489 489
55 75 510 510
55 76 592 592
55 77 572 572
55 78 154 154
55 79 414 414
55 80 499 499
55 81 604 604
55 82 115 115
55 83 628 628
55 84 696 696
55 85 552 552
55 86 486 486
55 87 643 643
55 88 601 601
55 89 177 177
55 90 565 565
55 91 93 93
55 92 471 471
55 93 201 201
55 94 126 126
55 95 461 461
55 96 683 683
55 97 135 135
55 98 480 480
55 99 567 567
55 100 99 99
56 57 776 776
56 58 624 624
56 59 400 400
56 60 182 182
56 61 509 509
56 62 190 190
56 63 207 207
56 64 712 712
56 65 669 669
56 66 579 579
56 67 171 171
56 68 729 729
56 69 568 568
56 70 145 145
56 71 540 540
56 72 272 272
56 73 622 622
56 74 483 483
56 75 529 529
56 76 641 641
56 77 622 622
56 78 214 214
56 79 461 461
56 80 537 537
56 81 683 683
56 82 86 86
56 83 657 657
56 84 764 764
56 85 565 565
56 86 554 554
56 87 665 665
56 88 691 691
56 89 58 58
56 90 583 583
56 91 212 212
56 92 561 561
56 93 203 203
56 94 90 90
56 95 535 535
56 96 712 712
56 97 106 106
56 98 488 488
56 99 588 588
56 100 117 117
57 58 196 196
57 59 527 527
57 60 776 776
57 61 291 291
57 62 793 793
57 63 619 619
57 64 73 73
57 65 201 201
57 66 205 205
57 67 609 609
57 68 150 150
57 69 215 215
57 70 636 636
57 71 314 314
57 72 514 514
57 73 177 177
57 74 393 393
57 75 293 293
57 76 150 150
57 77 155 155
57 78 704 704
57 79 315 315
57 80 250 250
57 81 264 264
57 82 690 690
57 83 167 167
57 84 140 140
57 85 268 268
57 86 260 260
57 87 196 196
57 88 308 308
57 89 816 816
57 90 244 244
57 91 653 653
57 92 359 359
57 93 580 580
57 94 705 705
57 95 314 314
57 96 153 153
57 97 670 670
57 98 333 333
57 99 236 236
57 100 685 685
58 59 345 345
58 60 632 632
58 61 118 118
58 62 677 677
58 63 450 450
58 64 150 150
58 65 70 70
58 66 118 118
58 67 472 472
58 68 105 105
58 69 108 108
58 70 494 494
58 71 138 138
58 72 367 367
58 73 67 67
58 74 342 342
58 75 243 243
58 76 90 90
58 77 74 74
58 78 529 529
58 79 175 175
58 80 149 149
58 81 139 139
58 82 541 541
58 83 203 203
58 84 145 145
58 85 240 240
58 86 78 78
58 87 243 243
58 88 179 179
58 89 658 658
58 90 232 232
58 91 482 482
58 92 183 183
58 93 442 442
58 94 547 547
58 95 144 144
58 96 223 223
58 97 521 521
58 98 268 268
58 99 223 223
58 100 524 524
59 60 437 437
59 61 245 245
59 62 535 535
59 63 193 193
59 64 485 485
59 65 353 353
59 66 380 380
59 67 318 318
59 68 430 430
59 69 359 359
59 70 340 340
59 71 221 221
59 72 259 259
59 73 350 350
59 74 473 473
59 75 426 426
59 76 411 411
59 77 388 388
59 78 292 292
59 79 279 279
59 80 360 360
59 81 333 333
59 82 342 342
59 83 490 490
59 84 454 454
59 85 453 453
59 86 267 267
59 87 521 521
59 88 357 357
59 89 407 407
59 90 456 456
59 91 231 231
59 92 289 289
59 93 311 311
59 94 310 310
59 95 215 215
59 96 534 534
59 97 356 356
59 98 412 412
59 99 456 456
59 100 283 283
60 61 523 523
60 62 137 137
60 63 244 244
60 64 710 710
60 65 683 683
60 66 579 579
60 67 181 181
60 68 737 737
60 69 567 567
60 70 219 219
60 71 556 556
60 72 266 266
60 73 628 628
60 74 461 461
60 75 520 520
60 76 641 641
60 77 624 624
60 78 262 262
60 79 472 472
60 80 534 534
60 81 700 700
60 82 96 96
60 83 649 649
60 84 774 774
60 85 551 551
60 86 568 568
60 87 653 653
60 88 709 709
60 89 231 231
60 90 572 572
60 91 242 242
60 92 582 582
60 93 196 196
60 94 127 127
60 95 551 551
60 96 703 703
60 97 116 116
60 98 498 498
60 99 576 576
60 100 154 154
61 62 569 569
61 63 341 341
61 64 242 242
61 65 177 177
61 66 138 138
61 67 362 362
61 68 221 221
61 69 127 127
61 70 388 388
61 71 75 75
61 72 261 261
61 73 120 120
61 74 301 301
61 75 222 222
61 76 166 166
61 77 143 143
61 78 419 419
61 79 88 88
61 80 131 131
61 81 197 197
61 82 427 427
61 83 249 249
61 84 255 255
61 85 235 235
61 86 135 135
61 87 283 283
61 88 221 221
61 89 541 541
61 90 231 231
61 91 364 364
61 92 145 145
61 93 330 330
61 94 429 429
61 95 81 81
61 96 289 289
61 97 407 407
61 98 247 247
61 99 229 229
61 100 407 407
62 63 350 350
62 64 724 724
62 65 731 731
62 66 598 598
62 67 227 227
62 68 776 776
62 69 591 591
62 70 205 205
62 71 620 620
62 72 321 321
62 73 669 669
62 74 434 434
62 75 513 513
62 76 664 664
62 77 651 651
62 78 393 393
62 79 505 505
62 80 555 555
62 81 763 763
62 82 209 209
62 83 648 648
62 84 815 815
62 85 544 544
62 86 617 617
62 87 644 644
62 88 777 777
62 89 237 237
62 90 568 568
62 91 365 365
62 92 658 658
62 93 244 244
62 94 251 251
62 95 615 615
62 96 701 701
62 97 213 213
62 98 497 497
62 99 572 572
62 100 278 278
63 64 563 563
63 65 483 483
63 66 434 434
63 67 150 150
63 68 552 552
63 69 417 417
63 70 208 208
63 71 368 368
63 72 153 153
63 73 451 451
63 74 420 420
63 75 432 432
63 76 486 486
63 77 465 465
63 78 99 99
63 79 312 312
63 80 400 400
63 81 488 488
63 82 170 170
63 83 532 532
63 84 586 586
63 85 460 460
63 86 389 389
63 87 550 550
63 88 488 488
63 89 222 222
63 90 474 474
63 91 38 38
63 92 358 358
63 93 163 163
63 94 117 117
63 95 362 362
63 96 584 584
63 97 166 166
63 98 393 393
63 99 477 477
63 100 93 93
64 65 201 201
64 66 143 143
64 67 544 544
64 68 140 140
64 69 146 146
64 70 571 571
64 71 277 277
64 72 449 449
64 73 154 154
64 74 324 324
64 75 223 223
64 76 77 77
64 77 129 129
64 78 650 650
64 79 255 255
64 80 187 187
64 81 269 269
64 82 626 626
64 83 102 102
64 84 192 192
64 85 199 199
64 86 220 220
64 87 138 138
64 88 309 309
64 89 753 753
64 90 175 175
64 91 597 597
64 92 333 333
64 93 514 514
64 94 643 643
64 95 277 277
64 96 88 88
64 97 606 606
64 98 264 264
64 99 168 168
64 100 626 626
65 66 188 188
65 67 517 517
65 68 87 87
65 69 178 178
65 70 546 546
65 71 138 138
65 72 419 419
65 73 137 137
65 74 412 412
65 75 313 313
65 76 150 150
65 77 139 139
65 78 553 553
65 79 244 244
65 80 219 219
65 81 91 91
65 82 587 587
65 83 261 261
65 84 126 126
65 85 309 309
65 86 127 127
65 87 303 303
65 88 118 118
65 89 698 698
65 90 293 293
65 91 513 513
65 92 166 166
65 93 492 492
65 94 586 586
65 95 144 144
65 96 273 273
65 97 567 567
65 98 338 338
65 99 288 288
65 100 563 563
66 67 415 415
66 68 194 194
66 69 88 88
66 70 439 439
66 71 199 199
66 72 317 317
66 73 104 104
66 74 229 229
66 75 141 141
66 76 66 66
66 77 57 57
66 78 525 525
66 79 133 133
66 80 45 45
66 81 256 256
66 82 493 493
66 83 111 111
66 84 233 233
66 85 122 122
66 86 139 139
66 87 146 146
66 88 296 296
66 89 622 622
66 90 119 119
66 91 472 472
66 92 266 266
66 93 383 383
66 94 513 513
66 95 196 196
66 96 155 155
66 97 477 477
66 98 164 164
66 99 105 105
66 100 493 493
67 68 571 571
67 69 401 401
67 70 239 239
67 71 398 398
67 72 219 219
67 73 462 462
67 74 350 350
67 75 358 358
67 76 474 474
67 77 457 457
67 78 232 232
67 79 297 297
67 80 374 374
67 81 542 542
67 82 85 85
67 83 488 488
67 84 608 608
67 85 395 395
67 86 408 408
67 87 495 495
67 88 554 554
67 89 220 220
67 90 413 413
67 91 178 178
67 92 432 432
67 93 32 32
67 94 151 151
67 95 392 392
67 96 542 542
67 97 105 105
67 98 319 319
67 99 418 418
67 100 124 124
68 69 193 193
68 70 598 598
68 71 214 214
68 72 471 471
68 73 109 109
68 74 422 422
68 75 319 319
68 76 139 139
68 77 137 137
68 78 628 628
68 79 277 277
68 80 235 235
68 81 154 154
68 82 645 645
68 83 232 232
68 84 75 75
68 85 305 305
68 86 178 178
68 87 273 273
68 88 194 194
68 89 762 762
68 90 285 285
68 91 581 581
68 92 246 246
68 93 544 544
68 94 650 650
68 95 219 219
68 96 228 228
68 97 626 626
68 98 350 350
68 99 279 279
68 100 628 628
69 70 429 429
69 71 179 179
69 72 304 304
69 73 95 95
69 74 235 235
69 75 140 140
69 76 109 109
69 77 80 80
69 78 507 507
69 79 109 109
69 80 43 43
69 81 244 244
69 82 482 482
69 83 154 154
69 84 232 232
69 85 139 139
69 86 120 120
69 87 167 167
69 88 281 281
69 89 608 608
69 90 125 125
69 91 452 452
69 92 247 247
69 93 371 371
69 94 499 499
69 95 180 180
69 96 175 175
69 97 462 462
69 98 161 161
69 99 148 148
69 100 480 480
70 71 424 424
70 72 127 127
70 73 490 490
70 74 341 341
70 75 385 385
70 76 502 502
70 77 485 485
70 78 236 236
70 79 379 379
70 80 396 396
70 81 568 568
70 82 192 192
70 83 513 513
70 84 635 635
70 85 421 421
70 86 433 433
70 87 520 520
70 88 579 579
70 89 203 203
70 90 444 444
70 91 181 181
70 92 469 469
70 93 266 266
70 94 111 111
70 95 422 422
70 96 568 568
70 97 188 188
70 98 343 343
70 99 443 443
70 100 115 115
71 72 301 301
71 73 137 137
71 74 375 375
71 75 294 294
71 76 207 207
71 77 185 185
71 78 415 415
71 79 162 162
71 80 201 201
71 81 144 144
71 82 461 461
71 83 306 306
71 84 242 242
71 85 306 306
71 86 60 60
71 87 345 345
71 88 158 158
71 89 566 566
71 90 301 301
71 91 375 375
71 92 70 70
71 93 377 377
71 94 456 456
71 95 6 6
71 96 339 339
71 97 441 441
71 98 303 303
71 99 300 300
71 100 431 431
72 73 363 363
72 74 286 286
72 75 291 291
72 76 378 378
72 77 360 360
72 78 252 252
72 79 259 259
72 80 276 276
72 81 444 444
72 82 258 258
72 83 401 401
72 84 508 508
72 85 326 326
72 86 306 306
72 87 413 413
72 88 459 459
72 89 305 305
72 90 334 334
72 91 191 191
72 92 342 342
72 93 212 212
72 94 196 196
72 95 295 295
72 96 458 458
72 97 254 254
72 98 249 249
72 99 338 338
72 100 223 223
73 74 330 330
73 75 232 232
73 76 77 77
73 77 77 77
73 78 531 531
73 79 174 174
73 80 137 137
73 81 171 171
73 82 538 538
73 83 187 187
73 84 162 162
73 85 226 226
73 86 83 83
73 87 229 229
73 88 201 201
73 89 657 657
73 90 211 211
73 91 482 482
73 92 207 207
73 93 439 439
73 94 544 544
73 95 138 138
73 96 210 210
73 97 524 524
73 98 256 256
73 99 206 206
73 100 527 527
74 75 112 112
74 76 288 288
74 77 285 285
74 78 519 519
74 79 216 216
74 80 194 194
74 81 475 475
74 82 435 435
74 83 231 231
74 84 461 461
74 85 141 141
74 86 332 332
74 87 215 215
74 88 509 509
74 89 537 537
74 90 149 149
74 91 458 458
74 92 442 442
74 93 318 318
74 94 452 452
74 95 371 371
74 96 278 278
74 97 418 418
74 98 76 76
74 99 171 171
74 100 456 456
75 76 184 184
75 77 182 182
75 78 521 521
75 79 163 163
75 80 97 97
75 81 378 378
75 82 443 443
75 83 138 138
75 84 357 357
75 85 50 50
75 86 244 244
75 87 138 138
75 88 417 417
75 89 576 576
75 90 74 74
75 91 470 470
75 92 363 363
75 93 326 326
75 94 474 474
75 95 289 289
75 96 192 192
75 97 425 425
75 98 42 42
75 99 77 77
75 100 468 468
76 77 58 58
76 78 574 574
76 79 182 182
76 80 111 111
76 81 223 223
76 82 555 555
76 83 158 158
76 84 173 173
76 85 170 170
76 86 157 157
76 87 156 156
76 88 267 267
76 89 681 681
76 90 150 150
76 91 522 522
76 92 273 273
76 93 445 445
76 94 572 572
76 95 207 207
76 96 133 133
76 97 535 535
76 98 218 218
76 99 145 145
76 100 553 553
77 78 552 552
77 79 161 161
77 80 102 102
77 81 213 213
77 82 537 537
77 83 132 132
77 84 176 176
77 85 172 172
77 86 125 125
77 87 169 169
77 88 253 253
77 89 662 662
77 90 171 171
77 91 499 499
77 92 248 248
77 93 428 428
77 94 550 550
77 95 185 185
77 96 154 154
77 97 517 517
77 98 213 213
77 99 150 150
77 100 531 531
78 79 408 408
78 80 494 494
78 81 549 549
78 82 198 198
78 83 626 626
78 84 656 656
78 85 556 556
78 86 451 451
78 87 646 646
78 88 540 540
78 89 234 234
78 90 568 568
78 91 61 61
78 92 439 439
78 93 255 255
78 94 148 148
78 95 421 421
78 96 677 677
78 97 194 194
78 98 492 492
78 99 571 571
78 100 121 121
79 80 88 88
79 81 285 285
79 82 376 376
79 83 223 223
79 84 316 316
79 85 174 174
79 86 133 133
79 87 249 249
79 88 308 308
79 89 501 501
79 90 178 178
79 91 347 347
79 92 228 228
79 93 329 329
79 94 390 390
79 95 156 156
79 96 273 273
79 97 356 356
79 98 163 163
79 99 178 178
79 100 371 371
80 81 282 282
80 82 452 452
80 83 135 135
80 84 274 274
80 85 106 106
80 86 148 148
80 87 162 162
80 88 320 320
80 89 581 581
80 90 100 100
80 91 435 435
80 92 271 271
80 93 342 342
80 94 471 471
80 95 198 198
80 96 185 185
80 97 432 432
80 98 119 119
80 99 105 105
80 100 454 454
81 82 605 605
81 83 335 335
81 84 192 192
81 85 378 378
81 86 152 152
81 87 378 378
81 88 44 44
81 89 707 707
81 90 364 364
81 91 519 519
81 92 174 174
81 93 520 520
81 94 597 597
81 95 150 150
81 96 347 347
81 97 585 585
81 98 399 399
81 99 359 359
81 100 572 572
82 83 573 573
82 84 681 681
82 85 479 479
82 86 472 472
82 87 579 579
82 88 613 613
82 89 135 135
82 90 498 498
82 91 162 162
82 92 486 486
82 93 117 117
82 94 104 104
82 95 455 455
82 96 626 626
82 97 20 20
82 98 404 404
82 99 502 502
82 100 77 77
83 84 265 265
83 85 106 106
83 86 246 246
83 87 184 184
83 88 378 378
83 89 704 704
83 90 82 82
83 91 570 570
83 92 373 373
83 93 456 456
83 94 597 597
83 95 304 304
83 96 135 135
83 97 554 554
83 98 180 180
83 99 145 145
83 100 586 586
84 85 342 342
84 86 210 210
84 87 307 307
84 88 179 179
84 89 796 796
84 90 322 322
84 91 612 612
84 92 265 265
84 93 582 582
84 94 684 684
84 95 247 247
84 96 255 255
84 97 661 661
84 98 389 389
84 99 316 316
84 100 661 661
85 86 252 252
85 87 137 137
85 88 416 416
85 89 614 614
85 90 24 24
85 91 496 496
85 92 376 376
85 93 364 364
85 94 511 511
85 95 303 303
85 96 158 158
85 97 464 464
85 98 78 78
85 99 60 60
85 100 504 504
86 87 285 285
86 88 196 196
86 89 586 586
86 90 245 245
86 91 404 404
86 92 127 127
86 93 398 398
86 94 474 474
86 95 66 66
86 96 279 279
86 97 452 452
86 98 256 256
86 99 243 243
86 100 463 463
87 88 420 420
87 89 713 713
87 90 135 135
87 91 587 587
87 92 411 411
87 93 463 463
87 94 609 609
87 95 342 342
87 96 66 66
87 97 562 562
87 98 179 179
87 99 77 77
87 100 595 595
88 89 709 709
88 90 403 403
88 91 508 508
88 92 130 130
88 93 534 534
88 94 601 601
88 95 164 164
88 96 390 390
88 97 599 599
88 98 433 433
88 99 400 400
88 100 575 575
89 90 631 631
89 91 260 260
89 92 579 579
89 93 251 251
89 94 113 113
89 95 560 560
89 96 758 758
89 97 151 151
89 98 539 539
89 99 636 636
89 100 140 140
90 91 511 511
90 92 371 371
90 93 381 381
90 94 530 530
90 95 297 297
90 96 135 135
90 97 480 480
90 98 101 101
90 99 80 80
90 100 514 514
91 92 378 378
91 93 194 194
91 94 155 155
91 95 369 369
91 96 620 620
91 97 152 152
91 98 431 431
91 99 514 514
91 100 131 131
92 93 417 417
92 94 471 471
92 95 74 74
92 96 402 402
92 97 495 495
92 98 370 370
92 99 367 367
92 100 445 445
93 94 178 178
93 95 371 371
93 96 511 511
93 97 137 137
93 98 317 317
93 99 386 386
93 100 151 151
94 95 451 451
94 96 652 652
94 97 100 100
94 98 443 443
94 99 532 532
94 100 27 27
95 96 338 338
95 97 435 435
95 98 298 298
95 99 294 294
95 100 425 425
96 97 608 608
96 98 234 234
96 99 143 143
96 100 636 636
97 98 396 396
97 99 485 485
97 100 73 73
98 99 105 105
98 100 426 426
99 100 518 518
