50
10
500
20
4
10
11
12
14
16
17
20
21
24
26
27
29
37
39
43
45
46
47
50
20
1
2
5
6
7
8
15
19
28
31
32
33
35
36
38
40
41
42
44
48
0 1 331 331
0 2 286 286
0 3 205 205
0 4 229 229
0 5 301 301
0 6 113 113
0 7 250 250
0 8 274 274
0 9 67 67
0 10 397 397
0 11 158 158
0 12 161 161
0 13 94 94
0 14 252 252
0 15 300 300
0 16 324 324
0 17 344 344
0 18 325 325
0 19 470 470
0 20 172 172
0 21 445 445
0 22 149 149
0 23 250 250
0 24 334 334
0 25 239 239
0 26 396 396
0 27 326 326
0 28 198 198
0 29 117 117
0 30 151 151
0 31 201 201
0 32 201 201
0 33 376 376
0 34 303 303
0 35 176 176
0 36 269 269
0 37 448 448
0 38 367 367
0 39 403 403
0 40 211 211
0 41 210 210
0 42 270 270
0 43 107 107
0 44 260 260
0 45 423 423
0 46 223 223
0 47 358 358
0 48 186 186
0 49 200 200
0 50 142 142
1 2 402 402
1 3 412 412
1 4 445 445
1 5 522 522
1 6 344 344
1 7 482 482
1 8 476 476
1 9 264 264
1 10 254 254
1 11 309 309
1 12 473 473
1 13 295 295
1 14 449 449
1 15 458 458
1 16 357 357
1 17 345 345
1 18 385 385
1 19 402 402
1 20 285 285
1 21 431 431
1 22 380 380
1 23 452 452
1 24 561 561
1 25 370 370
1 26 454 454
1 27 485 485
1 28 475 475
1 29 347 347
1 30 396 396
1 31 431 431
1 32 264 264
1 33 312 312
1 34 518 518
1 35 357 357
1 36 479 479
1 37 324 324
1 38 303 303
1 39 396 396
1 40 498 498
1 41 423 423
1 42 409 409
1 43 357 357
1 44 490 490
1 45 382 382
1 46 425 425
1 47 560 560
1 48 393 393
1 49 431 431
1 50 429 429
2 3 401 401
2 4 469 469
2 5 511 511
2 6 356 356
2 7 492 492
2 8 511 511
2 9 311 311
2 10 148 148
2 11 334 334
2 12 384 384
2 13 343 343
2 14 481 481
2 15 384 384
2 16 204 204
2 17 123 123
2 18 39 39
2 19 285 285
2 20 297 297
2 21 193 193
2 22 401 401
2 23 403 403
2 24 553 553
2 25 453 453
2 26 157 157
2 27 224 224
2 28 88 88
2 29 360 360
2 30 307 307
2 31 374 374
2 32 265 265
2 33 90 90
2 34 560 560
2 35 381 381
2 36 512 512
2 37 233 233
2 38 182 182
2 39 252 252
2 40 147 147
2 41 407 407
2 42 170 170
2 43 278 278
2 44 499 499
2 45 165 165
2 46 418 418
2 47 599 599
2 48 440 440
2 49 440 440
2 50 150 150
3 4 134 134
3 5 111 111
3 6 92 92
3 7 110 110
3 8 188 188
3 9 206 206
3 10 515 515
3 11 147 147
3 12 111 111
3 13 198 198
3 14 167 167
3 15 199 199
3 16 498 498
3 17 454 454
3 18 440 440
3 19 517 517
3 20 151 151
3 21 591 591
3 22 98 98
3 23 318 318
3 24 214 214
3 25 332 332
3 26 555 555
3 27 506 506
3 28 370 370
3 29 97 97
3 30 217 217
3 31 29 29
3 32 251 251
3 33 469 469
3 34 245 245
3 35 119 119
3 36 193 193
3 37 519 519
3 38 441 441
3 39 469 469
3 40 255 255
3 41 30 30
3 42 425 425
3 43 159 159
3 44 116 116
3 45 566 566
3 46 343 343
3 47 264 264
3 48 216 216
3 49 73 73
3 50 324 324
4 5 154 154
4 6 116 116
4 7 60 60
4 8 55 55
4 9 187 187
4 10 601 601
4 11 138 138
4 12 229 229
4 13 161 161
4 14 35 35
4 15 330 330
4 16 539 539
4 17 534 534
4 18 506 506
4 19 631 631
4 20 175 175
4 21 660 660
4 22 117 117
4 23 260 260
4 24 166 166
4 25 240 240
4 26 613 613
4 27 545 545
4 28 415 415
4 29 121 121
4 30 225 225
4 31 154 154
4 32 361 361
4 33 550 550
4 34 113 113
4 35 90 90
4 36 60 60
4 37 627 627
4 38 546 546
4 39 578 578
4 40 327 327
4 41 161 161
4 42 487 487
4 43 214 214
4 44 67 67
4 45 634 634
4 46 267 267
4 47 144 144
4 48 107 107
4 49 61 61
4 50 359 359
5 6 189 189
5 7 214 214
5 8 193 193
5 9 299 299
5 10 619 619
5 11 232 232
5 12 219 219
5 13 295 295
5 14 189 189
5 15 241 241
5 16 579 579
5 17 553 553
5 18 550 550
5 19 603 603
5 20 240 240
5 21 697 697
5 22 209 209
5 23 391 391
5 24 192 192
5 25 394 394
5 26 666 666
5 27 615 615
5 28 480 480
5 29 184 184
5 30 213 213
5 31 137 137
5 32 362 362
5 33 575 575
5 34 240 240
5 35 198 198
5 36 188 188
5 37 615 615
5 38 535 535
5 39 560 560
5 40 366 366
5 41 108 108
5 42 536 536
5 43 233 233
5 44 92 92
5 45 676 676
5 46 418 418
5 47 248 248
5 48 261 261
5 49 184 184
5 50 422 422
6 7 138 138
6 8 164 164
6 9 114 114
6 10 485 485
6 11 55 55
6 12 132 132
6 13 106 106
6 14 151 151
6 15 261 261
6 16 423 423
6 17 418 418
6 18 393 393
6 19 521 521
6 20 59 59
6 21 545 545
6 22 126 126
6 23 279 279
6 24 223 223
6 25 248 248
6 26 502 502
6 27 438 438
6 28 307 307
6 29 5 5
6 30 125 125
6 31 89 89
6 32 245 245
6 33 434 434
6 34 229 229
6 35 103 103
6 36 168 168
6 37 512 512
6 38 435 435
6 39 466 466
6 40 211 211
6 41 119 119
6 42 381 381
6 43 131 131
6 44 148 148
6 45 521 521
6 46 254 254
6 47 253 253
6 48 138 138
6 49 87 87
6 50 248 248
7 8 99 99
7 9 247 247
7 10 615 615
7 11 176 176
7 12 221 221
7 13 211 211
7 14 95 95
7 15 297 297
7 16 559 559
7 17 547 547
7 18 531 531
7 19 627 627
7 20 197 197
7 21 681 681
7 22 110 110
7 23 305 305
7 24 106 106
7 25 300 300
7 26 640 640
7 27 576 576
7 28 445 445
7 29 143 143
7 30 218 218
7 31 139 139
7 32 361 361
7 33 567 567
7 34 173 173
7 35 128 128
7 36 94 94
7 37 624 624
7 38 548 548
7 39 577 577
7 40 345 345
7 41 140 140
7 42 511 511
7 43 220 220
7 44 127 127
7 45 656 656
7 46 327 327
7 47 183 183
7 48 167 167
7 49 52 52
7 50 386 386
8 9 212 212
8 10 649 649
8 11 177 177
8 12 283 283
8 13 183 183
8 14 36 36
8 15 384 384
8 16 577 577
8 17 579 579
8 18 546 546
8 19 683 683
8 20 216 216
8 21 699 699
8 22 125 125
8 23 250 250
8 24 194 194
8 25 232 232
8 26 649 649
8 27 570 570
8 28 450 450
8 29 168 168
8 30 279 279
8 31 209 209
8 32 408 408
8 33 593 593
8 34 168 168
8 35 130 130
8 36 5 5
8 37 669 669
8 38 597 597
8 39 629 629
8 40 371 371
8 41 216 216
8 42 524 524
8 43 265 265
8 44 122 122
8 45 673 673
8 46 255 255
8 47 89 89
8 48 110 110
8 49 116 116
8 50 397 397
9 10 459 459
9 11 169 169
9 12 209 209
9 13 161 161
9 14 185 185
9 15 349 349
9 16 376 376
9 17 396 396
9 18 350 350
9 19 531 531
9 20 173 173
9 21 496 496
9 22 216 216
9 23 188 188
9 24 337 337
9 25 172 172
9 26 440 440
9 27 358 358
9 28 242 242
9 29 119 119
9 30 218 218
9 31 203 203
9 32 267 267
9 33 401 401
9 34 254 254
9 35 217 217
9 36 216 216
9 37 504 504
9 38 434 434
9 39 470 470
9 40 263 263
9 41 233 233
9 42 320 320
9 43 174 174
9 44 254 254
9 45 475 475
9 46 161 161
9 47 297 297
9 48 129 129
9 49 201 201
9 50 194 194
10 11 476 476
10 12 409 409
10 13 487 487
10 14 616 616
10 15 463 463
10 16 103 103
10 17 91 91
10 18 131 131
10 19 185 185
10 20 435 435
10 21 177 177
10 22 529 529
10 23 547 547
10 24 663 663
10 25 601 601
10 26 200 200
10 27 231 231
10 28 234 234
10 29 487 487
10 30 406 406
10 31 491 491
10 32 317 317
10 33 58 58
10 34 700 700
10 35 521 521
10 36 647 647
10 37 85 85
10 38 127 127
10 39 142 142
10 40 281 281
10 41 526 526
10 42 155 155
10 43 405 405
10 44 622 622
10 45 128 128
10 46 566 566
10 47 736 736
10 48 583 583
10 49 563 563
10 50 285 285
11 12 187 187
11 13 64 64
11 14 173 173
11 15 293 293
11 16 403 403
11 17 404 404
11 18 369 369
11 19 522 522
11 20 46 46
11 21 523 523
11 22 71 71
11 23 266 266
11 24 266 266
11 25 261 261
11 26 475 475
11 27 413 413
11 28 277 277
11 29 50 50
11 30 148 148
11 31 130 130
11 32 247 247
11 33 418 418
11 34 228 228
11 35 48 48
11 36 178 178
11 37 499 499
11 38 430 430
11 39 464 464
11 40 195 195
11 41 164 164
11 42 349 349
11 43 114 114
11 44 182 182
11 45 499 499
11 46 272 272
11 47 266 266
11 48 123 123
11 49 125 125
11 50 221 221
12 13 238 238
12 14 257 257
12 15 287 287
12 16 424 424
12 17 343 343
12 18 345 345
12 19 407 407
12 20 191 191
12 21 491 491
12 22 201 201
12 23 397 397
12 24 254 254
12 25 371 371
12 26 463 463
12 27 427 427
12 28 359 359
12 29 137 137
12 30 257 257
12 31 82 82
12 32 362 362
12 33 366 366
12 34 342 342
12 35 174 174
12 36 288 288
12 37 455 455
12 38 446 446
12 39 358 358
12 40 343 343
12 41 118 118
12 42 334 334
12 43 247 247
12 44 226 226
12 45 470 470
12 46 370 370
12 47 371 371
12 48 270 270
12 49 178 178
12 50 303 303
13 14 196 196
13 15 357 357
13 16 407 407
13 17 428 428
13 18 375 375
13 19 564 564
13 20 98 98
13 21 529 529
13 22 135 135
13 23 318 318
13 24 311 311
13 25 325 325
13 26 471 471
13 27 420 420
13 28 292 292
13 29 111 111
13 30 208 208
13 31 194 194
13 32 290 290
13 33 433 433
13 34 274 274
13 35 112 112
13 36 188 188
13 37 522 522
13 38 461 461
13 39 497 497
13 40 219 219
13 41 225 225
13 42 364 364
13 43 170 170
13 44 228 228
13 45 491 491
13 46 317 317
13 47 266 266
13 48 187 187
13 49 171 171
13 50 236 236
14 15 363 363
14 16 548 548
14 17 550 550
14 18 516 516
14 19 655 655
14 20 187 187
14 21 670 670
14 22 151 151
14 23 225 225
14 24 195 195
14 25 212 212
14 26 621 621
14 27 543 543
14 28 427 427
14 29 156 156
14 30 260 260
14 31 185 185
14 32 379 379
14 33 563 563
14 34 148 148
14 35 125 125
14 36 31 31
14 37 638 638
14 38 569 569
14 39 600 600
14 40 341 341
14 41 194 194
14 42 495 495
14 43 249 249
14 44 102 102
14 45 637 637
14 46 243 243
14 47 120 120
14 48 83 83
14 49 94 94
14 50 367 367
15 16 439 439
15 17 439 439
15 18 420 420
15 19 439 439
15 20 320 320
15 21 542 542
15 22 286 286
15 23 480 480
15 24 403 403
15 25 509 509
15 26 536 536
15 27 533 533
15 28 403 403
15 29 257 257
15 30 380 380
15 31 205 205
15 32 194 194
15 33 470 470
15 34 440 440
15 35 313 313
15 36 381 381
15 37 417 417
15 38 336 336
15 39 351 351
15 40 273 273
15 41 169 169
15 42 443 443
15 43 298 298
15 44 315 315
15 45 535 535
15 46 507 507
15 47 456 456
15 48 398 398
15 49 269 269
15 50 341 341
16 17 81 81
16 18 187 187
16 19 270 270
16 20 443 443
16 21 122 122
16 22 473 473
16 23 454 454
16 24 621 621
16 25 548 548
16 26 97 97
16 27 207 207
16 28 244 244
16 29 428 428
16 30 411 411
16 31 506 506
16 32 247 247
16 33 114 114
16 34 627 627
16 35 449 449
16 36 579 579
16 37 188 188
16 38 184 184
16 39 245 245
16 40 251 251
16 41 471 471
16 42 227 227
16 43 371 371
16 44 571 571
16 45 99 99
16 46 472 472
16 47 666 666
16 48 505 505
16 49 507 507
16 50 182 182
17 18 106 106
17 19 193 193
17 20 363 363
17 21 158 158
17 22 463 463
17 23 489 489
17 24 597 597
17 25 542 542
17 26 167 167
17 27 222 222
17 28 211 211
17 29 420 420
17 30 369 369
17 31 425 425
17 32 293 293
17 33 33 33
17 34 632 632
17 35 449 449
17 36 580 580
17 37 112 112
17 38 103 103
17 39 195 195
17 40 209 209
17 41 445 445
17 42 246 246
17 43 328 328
17 44 563 563
17 45 155 155
17 46 511 511
17 47 668 668
17 48 518 518
17 49 496 496
17 50 202 202
18 19 294 294
18 20 336 336
18 21 154 154
18 22 434 434
18 23 442 442
18 24 592 592
18 25 492 492
18 26 118 118
18 27 228 228
18 28 127 127
18 29 398 398
18 30 346 346
18 31 413 413
18 32 226 226
18 33 73 73
18 34 597 597
18 35 417 417
18 36 547 547
18 37 216 216
18 38 191 191
18 39 224 224
18 40 186 186
18 41 446 446
18 42 209 209
18 43 317 317
18 44 538 538
18 45 195 195
18 46 441 441
18 47 635 635
18 48 472 472
18 49 479 479
18 50 189 189
19 20 476 476
19 21 284 284
19 22 564 564
19 23 648 648
19 24 661 661
19 25 696 696
19 26 360 360
19 27 414 414
19 28 365 365
19 29 526 526
19 30 409 409
19 31 489 489
19 32 276 276
19 33 226 226
19 34 740 740
19 35 559 559
19 36 684 684
19 37 100 100
19 38 103 103
19 39 327 327
19 40 402 402
19 41 525 525
19 42 305 305
19 43 418 418
19 44 633 633
19 45 312 312
19 46 671 671
19 47 770 770
19 48 645 645
19 49 581 581
19 50 366 366
20 21 490 490
20 22 113 113
20 23 220 220
20 24 277 277
20 25 299 299
20 26 443 443
20 27 380 380
20 28 248 248
20 29 63 63
20 30 111 111
20 31 147 147
20 32 202 202
20 33 377 377
20 34 270 270
20 35 86 86
20 36 217 217
20 37 453 453
20 38 384 384
20 39 418 418
20 40 241 241
20 41 177 177
20 42 330 330
20 43 72 72
20 44 206 206
20 45 462 462
20 46 247 247
20 47 305 305
20 48 169 169
20 49 146 146
20 50 261 261
21 22 588 588
21 23 565 565
21 24 741 741
21 25 621 621
21 26 81 81
21 27 191 191
21 28 255 255
21 29 550 550
21 30 484 484
21 31 567 567
21 32 369 369
21 33 125 125
21 34 748 748
21 35 571 571
21 36 701 701
21 37 184 184
21 38 259 259
21 39 249 249
21 40 336 336
21 41 590 590
21 42 211 211
21 43 471 471
21 44 689 689
21 45 49 49
21 46 587 587
21 47 788 788
21 48 625 625
21 49 629 629
21 50 304 304
22 23 224 224
22 24 199 199
22 25 240 240
22 26 543 543
22 27 474 474
22 28 346 346
22 29 121 121
22 30 162 162
22 31 127 127
22 32 288 288
22 33 477 477
22 34 230 230
22 35 27 27
22 36 120 120
22 37 557 557
22 38 476 476
22 39 508 508
22 40 254 254
22 41 128 128
22 42 415 415
22 43 185 185
22 44 184 184
22 45 565 565
22 46 248 248
22 47 209 209
22 48 124 124
22 49 58 58
22 50 291 291
23 24 411 411
23 25 360 360
23 26 527 527
23 27 436 436
23 28 315 315
23 29 283 283
23 30 331 331
23 31 347 347
23 32 422 422
23 33 493 493
23 34 316 316
23 35 251 251
23 36 245 245
23 37 597 597
23 38 545 545
23 39 589 589
23 40 307 307
23 41 346 346
23 42 397 397
23 43 291 291
23 44 312 312
23 45 553 553
23 46 27 27
23 47 299 299
23 48 187 187
23 49 277 277
23 50 287 287
24 25 406 406
24 26 708 708
24 27 657 657
24 28 525 525
24 29 218 218
24 30 257 257
24 31 237 237
24 32 464 464
24 33 619 619
24 34 248 248
24 35 226 226
24 36 199 199
24 37 659 659
24 38 587 587
24 39 612 612
24 40 417 417
24 41 244 244
24 42 585 585
24 43 310 310
24 44 100 100
24 45 718 718
24 46 433 433
24 47 256 256
24 48 273 273
24 49 141 141
24 50 470 470
25 26 553 553
25 27 506 506
25 28 370 370
25 29 253 253
25 30 373 373
25 31 336 336
25 32 439 439
25 33 543 543
25 34 353 353
25 35 213 213
25 36 227 227
25 37 649 649
25 38 606 606
25 39 634 634
25 40 435 435
25 41 361 361
25 42 452 452
25 43 346 346
25 44 307 307
25 45 578 578
25 46 333 333
25 47 316 316
25 48 295 295
25 49 281 281
25 50 366 366
26 27 110 110
26 28 212 212
26 29 506 506
26 30 457 457
26 31 529 529
26 32 343 343
26 33 191 191
26 34 694 694
26 35 523 523
26 36 651 651
26 37 265 265
26 38 270 270
26 39 289 289
26 40 300 300
26 41 560 560
26 42 130 130
26 43 435 435
26 44 648 648
26 45 130 130
26 46 511 511
26 47 737 737
26 48 568 568
26 49 589 589
26 50 254 254
27 28 136 136
27 29 442 442
27 30 419 419
27 31 481 481
27 32 347 347
27 33 189 189
27 34 612 612
27 35 461 461
27 36 574 574
27 37 314 314
27 38 323 323
27 39 349 349
27 40 260 260
27 41 515 515
27 42 117 117
27 43 386 386
27 44 585 585
27 45 240 240
27 46 409 409
27 47 655 655
27 48 487 487
27 49 525 525
27 50 198 198
28 29 311 311
28 30 291 291
28 31 345 345
28 32 211 211
28 33 178 178
28 34 496 496
28 35 325 325
28 36 453 453
28 37 295 295
28 38 264 264
28 39 326 326
28 40 131 131
28 41 379 379
28 42 82 82
28 43 251 251
28 44 454 454
28 45 253 253
28 46 342 342
28 47 537 537
28 48 371 371
28 49 394 394
28 50 62 62
29 30 123 123
29 31 84 84
29 32 250 250
29 33 436 436
29 34 234 234
29 35 98 98
29 36 163 163
29 37 514 514
29 38 433 433
29 39 466 466
29 40 216 216
29 41 114 114
29 42 386 386
29 43 135 135
29 44 143 143
29 45 525 525
29 46 259 259
29 47 252 252
29 48 141 141
29 49 92 92
29 50 252 252
30 31 207 207
30 32 313 313
30 33 362 362
30 34 338 338
30 35 189 189
30 36 282 282
30 37 408 408
30 38 330 330
30 39 359 359
30 40 160 160
30 41 237 237
30 42 328 328
30 43 183 183
30 44 225 225
30 45 471 471
30 46 358 358
30 47 365 365
30 48 263 263
30 49 172 172
30 50 229 229
31 32 280 280
31 33 448 448
31 34 267 267
31 35 123 123
31 36 214 214
31 37 493 493
31 38 412 412
31 39 440 440
31 40 284 284
31 41 36 36
31 42 399 399
31 43 165 165
31 44 144 144
31 45 539 539
31 46 343 343
31 47 289 289
31 48 220 220
31 49 96 96
31 50 336 336
32 33 299 299
32 34 472 472
32 35 283 283
32 36 408 408
32 37 271 271
32 38 190 190
32 39 221 221
32 40 234 234
32 41 281 281
32 42 293 293
32 43 274 274
32 44 364 364
32 45 345 345
32 46 424 424
32 47 497 497
32 48 370 370
32 49 324 324
32 50 165 165
33 34 644 644
33 35 463 463
33 36 594 594
33 37 143 143
33 38 134 134
33 39 162 162
33 40 223 223
33 41 468 468
33 42 213 213
33 43 347 347
33 44 573 573
33 45 122 122
33 46 508 508
33 47 682 682
33 48 527 527
33 49 516 516
33 50 235 235
34 35 203 203
34 36 173 173
34 37 722 722
34 38 654 654
34 39 688 688
34 40 423 423
34 41 271 271
34 42 572 572
34 43 322 322
34 44 148 148
34 45 717 717
34 46 289 289
34 47 257 257
34 48 129 129
34 49 172 172
34 50 445 445
35 36 131 131
35 37 539 539
35 38 468 468
35 39 504 504
35 40 241 241
35 41 149 149
35 42 397 397
35 43 158 158
35 44 157 157
35 45 546 546
35 46 224 224
35 47 219 219
35 48 97 97
35 49 85 85
35 50 269 269
36 37 669 669
36 38 596 596
36 39 628 628
36 40 372 372
36 41 212 212
36 42 526 526
36 43 270 270
36 44 127 127
36 45 668 668
36 46 260 260
36 47 89 89
36 48 105 105
36 49 121 121
36 50 398 398
37 38 81 81
37 39 227 227
37 40 321 321
37 41 510 510
37 42 224 224
37 43 413 413
37 44 633 633
37 45 213 213
37 46 619 619
37 47 757 757
37 48 622 622
37 49 575 575
37 50 310 310
38 39 269 269
38 40 312 312
38 41 431 431
38 42 282 282
38 43 332 332
38 44 554 554
38 45 249 249
38 46 569 569
38 47 685 685
38 48 549 549
38 49 501 501
38 50 263 263
39 40 371 371
39 41 457 457
39 42 244 244
39 43 490 490
39 44 584 584
39 45 269 269
39 46 611 611
39 47 717 717
39 48 587 587
39 49 530 530
39 50 302 302
40 41 260 260
40 42 170 170
40 43 258 258
40 44 359 359
40 45 311 311
40 46 332 332
40 47 460 460
40 48 311 311
40 49 293 293
40 50 69 69
41 42 430 430
41 43 129 129
41 44 146 146
41 45 570 570
41 46 373 373
41 47 294 294
41 48 238 238
41 49 103 103
41 50 317 317
42 43 333 333
42 44 529 529
42 45 260 260
42 46 415 415
42 47 613 613
42 48 449 449
42 49 463 463
42 50 144 144
43 44 275 275
43 45 443 443
43 46 318 318
43 47 354 354
43 48 235 235
43 49 169 169
43 50 189 189
44 45 662 662
44 46 334 334
44 47 156 156
44 48 174 174
44 49 128 128
44 50 394 394
45 46 538 538
45 47 754 754
45 48 588 588
45 49 604 604
45 50 281 281
46 47 326 326
46 48 160 160
46 49 304 304
46 50 309 309
47 48 173 173
47 49 193 193
47 50 485 485
48 49 168 168
48 50 323 323
49 50 335 335
