50
50
150
10
9
14
19
25
28
36
37
42
43
46
10
2
7
15
18
21
26
27
34
41
45
0 1 326 326
0 2 503 503
0 3 452 452
0 4 397 397
0 5 115 115
0 6 505 505
0 7 578 578
0 8 652 652
0 9 402 402
0 10 421 421
0 11 589 589
0 12 457 457
0 13 418 418
0 14 363 363
0 15 347 347
0 16 515 515
0 17 498 498
0 18 398 398
0 19 260 260
0 20 531 531
0 21 381 381
0 22 418 418
0 23 567 567
0 24 56 56
0 25 372 372
0 26 469 469
0 27 461 461
0 28 380 380
0 29 502 502
0 30 547 547
0 31 473 473
0 32 493 493
0 33 487 487
0 34 503 503
0 35 545 545
0 36 502 502
0 37 567 567
0 38 498 498
0 39 424 424
0 40 478 478
0 41 303 303
0 42 440 440
0 43 581 581
0 44 612 612
0 45 471 471
0 46 345 345
0 47 406 406
0 48 542 542
0 49 446 446
0 50 282 282
1 2 177 177
1 3 769 769
1 4 721 721
1 5 327 327
1 6 274 274
1 7 827 827
1 8 929 929
1 9 496 496
1 10 540 540
1 11 847 847
1 12 131 131
1 13 705 705
1 14 300 300
1 15 638 638
1 16 447 447
1 17 361 361
1 18 377 377
1 19 586 586
1 20 770 770
1 21 306 306
1 22 277 277
1 23 362 362
1 24 337 337
1 25 651 651
1 26 332 332
1 27 218 218
1 28 619 619
1 29 650 650
1 30 832 832
1 31 266 266
1 32 167 167
1 33 430 430
1 34 521 521
1 35 769 769
1 36 712 712
1 37 848 848
1 38 776 776
1 39 238 238
1 40 804 804
1 41 624 624
1 42 719 719
1 43 818 818
1 44 808 808
1 45 534 534
1 46 435 435
1 47 629 629
1 48 474 474
1 49 432 432
1 50 430 430
2 3 785 785
2 4 754 754
2 5 442 442
2 6 451 451
2 7 941 941
2 8 894 894
2 9 515 515
2 10 558 558
2 11 968 968
2 12 259 259
2 13 801 801
2 14 181 181
2 15 749 749
2 16 621 621
2 17 499 499
2 18 202 202
2 19 551 551
2 20 878 878
2 21 163 163
2 22 453 453
2 23 185 185
2 24 514 514
2 25 766 766
2 26 509 509
2 27 67 67
2 28 732 732
2 29 519 519
2 30 850 850
2 31 434 434
2 32 341 341
2 33 290 290
2 34 503 503
2 35 946 946
2 36 850 850
2 37 956 956
2 38 749 749
2 39 152 152
2 40 843 843
2 41 694 694
2 42 828 828
2 43 927 927
2 44 985 985
2 45 357 357
2 46 317 317
2 47 452 452
2 48 387 387
2 49 606 606
2 50 495 495
3 4 81 81
3 5 561 561
3 6 887 887
3 7 555 555
3 8 441 441
3 9 274 274
3 10 318 318
3 11 560 560
3 12 896 896
3 13 473 473
3 14 772 772
3 15 377 377
3 16 922 922
3 17 867 867
3 18 707 707
3 19 383 383
3 20 648 648
3 21 754 754
3 22 852 852
3 23 875 875
3 24 466 466
3 25 419 419
3 26 895 895
3 27 849 849
3 28 551 551
3 29 516 516
3 30 468 468
3 31 916 916
3 32 738 738
3 33 598 598
3 34 385 385
3 35 618 618
3 36 735 735
3 37 503 503
3 38 477 477
3 39 858 858
3 40 173 173
3 41 253 253
3 42 442 442
3 43 684 684
3 44 700 700
3 45 643 643
3 46 742 742
3 47 467 467
3 48 994 994
3 49 865 865
3 50 701 701
4 5 486 486
4 6 851 851
4 7 527 527
4 8 360 360
4 9 239 239
4 10 283 283
4 11 537 537
4 12 841 841
4 13 392 392
4 14 691 691
4 15 296 296
4 16 841 841
4 17 797 797
4 18 672 672
4 19 376 376
4 20 568 568
4 21 673 673
4 22 784 784
4 23 859 859
4 24 404 404
4 25 338 338
4 26 826 826
4 27 819 819
4 28 470 470
4 29 542 542
4 30 387 387
4 31 862 862
4 32 683 683
4 33 542 542
4 34 329 329
4 35 537 537
4 36 654 654
4 37 422 422
4 38 396 396
4 39 814 814
4 40 92 92
4 41 172 172
4 42 364 364
4 43 603 603
4 44 622 622
4 45 656 656
4 46 707 707
4 47 522 522
4 48 938 938
4 49 796 796
4 50 632 632
5 6 555 555
5 7 500 500
5 8 741 741
5 9 287 287
5 10 306 306
5 11 551 551
5 12 423 423
5 13 407 407
5 14 478 478
5 15 311 311
5 16 411 411
5 17 411 411
5 18 513 513
5 19 374 374
5 20 443 443
5 21 464 464
5 22 341 341
5 23 611 611
5 24 171 171
5 25 353 353
5 26 382 382
5 27 505 505
5 28 292 292
5 29 609 609
5 30 634 634
5 31 418 418
5 32 494 494
5 33 393 393
5 34 425 425
5 35 552 552
5 36 477 477
5 37 521 521
5 38 590 590
5 39 431 431
5 40 516 516
5 41 314 314
5 42 410 410
5 43 491 491
5 44 668 668
5 45 586 586
5 46 395 395
5 47 520 520
5 48 619 619
5 49 352 352
5 50 188 188
6 7 1055 1055
6 8 962 962
6 9 613 613
6 10 656 656
6 11 1083 1083
6 12 315 315
6 13 914 914
6 14 333 333
6 15 851 851
6 16 710 710
6 17 603 603
6 18 277 277
6 19 504 504
6 20 988 988
6 21 315 315
6 22 551 551
6 23 501 501
6 24 561 561
6 25 872 872
6 26 590 590
6 27 492 492
6 28 845 845
6 29 629 629
6 30 884 884
6 31 507 507
6 32 441 441
6 33 403 403
6 34 562 562
6 35 1017 1017
6 36 898 898
6 37 1069 1069
6 38 825 825
6 39 422 422
6 40 942 942
6 41 803 803
6 42 940 940
6 43 1037 1037
6 44 1082 1082
6 45 784 784
6 46 161 161
6 47 533 533
6 48 433 433
6 49 706 706
6 50 608 608
7 8 887 887
7 9 572 572
7 10 547 547
7 11 482 482
7 12 923 923
7 13 327 327
7 14 925 925
7 15 231 231
7 16 648 648
7 17 794 794
7 18 918 918
7 19 737 737
7 20 506 506
7 21 943 943
7 22 707 707
7 23 1105 1105
7 24 605 605
7 25 273 273
7 26 765 765
7 27 1005 1005
7 28 410 410
7 29 963 963
7 30 787 787
7 31 792 792
7 32 762 762
7 33 653 653
7 34 532 532
7 35 472 472
7 36 330 330
7 37 451 451
7 38 734 734
7 39 931 931
7 40 619 619
7 41 364 364
7 42 330 330
7 43 526 526
7 44 546 546
7 45 1007 1007
7 46 895 895
7 47 879 879
7 48 923 923
7 49 754 754
7 50 678 678
8 9 460 460
8 10 435 435
8 11 834 834
8 12 1060 1060
8 13 752 752
8 14 747 747
8 15 656 656
8 16 1149 1149
8 17 1093 1093
8 18 769 769
8 19 471 471
8 20 928 928
8 21 765 765
8 22 1070 1070
8 23 931 931
8 24 683 683
8 25 698 698
8 26 1119 1119
8 27 955 955
8 28 827 827
8 29 609 609
8 30 107 107
8 31 1122 1122
8 32 940 940
8 33 785 785
8 34 598 598
8 35 879 879
8 36 1009 1009
8 37 761 761
8 38 680 680
8 39 1001 1001
8 40 376 376
8 41 528 528
8 42 724 724
8 43 962 962
8 44 982 982
8 45 751 751
8 46 856 856
8 47 513 513
8 48 1190 1190
8 49 1017 1017
8 50 927 927
9 10 44 44
9 11 591 591
9 12 622 622
9 13 435 435
9 14 508 508
9 15 377 377
9 16 697 697
9 17 634 634
9 18 433 433
9 19 246 246
9 20 595 595
9 21 526 526
9 22 611 611
9 23 623 623
9 24 458 458
9 25 381 381
9 26 663 663
9 27 582 582
9 28 502 502
9 29 403 403
9 30 353 353
9 31 666 666
9 32 484 484
9 33 351 351
9 34 138 138
9 35 580 580
9 36 644 644
9 37 546 546
9 38 305 305
9 39 629 629
9 40 331 331
9 41 244 244
9 42 440 440
9 43 653 653
9 44 693 693
9 45 446 446
9 46 468 468
9 47 307 307
9 48 730 730
9 49 635 635
9 50 471 471
10 11 563 563
10 12 666 666
10 13 429 429
10 14 464 464
10 15 333 333
10 16 715 715
10 17 678 678
10 18 389 389
10 19 202 202
10 20 608 608
10 21 482 482
10 22 646 646
10 23 667 667
10 24 477 477
10 25 375 375
10 26 687 687
10 27 625 625
10 28 499 499
10 29 416 416
10 30 328 328
10 31 696 696
10 32 528 528
10 33 395 395
10 34 182 182
10 35 558 558
10 36 684 684
10 37 515 515
10 38 284 284
10 39 673 673
10 40 375 375
10 41 200 200
10 42 414 414
10 43 625 625
10 44 649 649
10 45 482 482
10 46 512 512
10 47 348 348
10 48 774 774
10 49 657 657
10 50 493 493
11 12 974 974
11 13 271 271
11 14 950 950
11 15 251 251
11 16 676 676
11 17 721 721
11 18 876 876
11 19 761 761
11 20 187 187
11 21 968 968
11 22 763 763
11 23 1143 1143
11 24 544 544
11 25 217 217
11 26 750 750
11 27 1032 1032
11 28 259 259
11 29 979 979
11 30 747 747
11 31 824 824
11 32 714 714
11 33 680 680
11 34 549 549
11 35 416 416
11 36 356 356
11 37 414 414
11 38 788 788
11 39 950 950
11 40 629 629
11 41 365 365
11 42 285 285
11 43 183 183
11 44 543 543
11 45 1028 1028
11 46 928 928
11 47 897 897
11 48 952 952
11 49 591 591
11 50 610 610
12 13 813 813
12 14 409 409
12 15 734 734
12 16 411 411
12 17 288 288
12 18 461 461
12 19 595 595
12 20 859 859
12 21 410 410
12 22 280 280
12 23 415 415
12 24 468 468
12 25 775 775
12 26 294 294
12 27 266 266
12 28 715 715
12 29 744 744
12 30 962 962
12 31 195 195
12 32 298 298
12 33 299 299
12 34 512 512
12 35 900 900
12 36 660 660
12 37 944 944
12 38 906 906
12 39 107 107
12 40 921 921
12 41 732 732
12 42 801 801
12 43 830 830
12 44 856 856
12 45 604 604
12 46 476 476
12 47 691 691
12 48 343 343
12 49 444 444
12 50 425 425
13 14 781 781
13 15 96 96
13 16 629 629
13 17 651 651
13 18 707 707
13 19 598 598
13 20 285 285
13 21 798 798
13 22 603 603
13 23 962 962
13 24 386 386
13 25 54 54
13 26 622 622
13 27 865 865
13 28 134 134
13 29 827 827
13 30 651 651
13 31 687 687
13 32 589 589
13 33 514 514
13 34 382 382
13 35 145 145
13 36 301 301
13 37 162 162
13 38 629 629
13 39 825 825
13 40 383 383
13 41 229 229
13 42 41 41
13 43 221 221
13 44 299 299
13 45 878 878
13 46 763 763
13 47 742 742
13 48 828 828
13 49 427 427
13 50 464 464
14 15 705 705
14 16 747 747
14 17 648 648
14 18 77 77
14 19 479 479
14 20 889 889
14 21 18 18
14 22 577 577
14 23 204 204
14 24 412 412
14 25 733 733
14 26 624 624
14 27 208 208
14 28 743 743
14 29 350 350
14 30 669 669
14 31 566 566
14 32 461 461
14 33 342 342
14 34 404 404
14 35 901 901
14 36 833 833
14 37 925 925
14 38 748 748
14 39 312 312
14 40 750 750
14 41 632 632
14 42 801 801
14 43 940 940
14 44 968 968
14 45 511 511
14 46 172 172
14 47 333 333
14 48 543 543
14 49 707 707
14 50 543 543
15 16 593 593
15 17 670 670
15 18 716 716
15 19 535 535
15 20 275 275
15 21 722 722
15 22 596 596
15 23 892 892
15 24 374 374
15 25 42 42
15 26 641 641
15 27 804 804
15 28 179 179
15 29 745 745
15 30 556 556
15 31 677 677
15 32 531 531
15 33 459 459
15 34 301 301
15 35 241 241
15 36 364 364
15 37 220 220
15 38 537 537
15 39 742 742
15 40 388 388
15 41 133 133
15 42 99 99
15 43 314 314
15 44 357 357
15 45 810 810
15 46 690 690
15 47 649 649
15 48 791 791
15 49 523 523
15 50 447 447
16 17 155 155
16 18 689 689
16 19 775 775
16 20 499 499
16 21 735 735
16 22 170 170
16 23 803 803
16 24 559 559
16 25 575 575
16 26 126 126
16 27 655 655
16 28 518 518
16 29 985 985
16 30 1042 1042
16 31 224 224
16 32 292 292
16 33 476 476
16 34 646 646
16 35 577 577
16 36 333 333
16 37 743 743
16 38 999 999
16 39 504 504
16 40 927 927
16 41 669 669
16 42 643 643
16 43 529 529
16 44 549 549
16 45 904 904
16 46 597 597
16 47 910 910
16 48 363 363
16 49 384 384
16 50 320 320
17 18 626 626
17 19 682 682
17 20 610 610
17 21 630 630
17 22 87 87
17 23 684 684
17 24 466 466
17 25 668 668
17 26 29 29
17 27 538 538
17 28 574 574
17 29 924 924
17 30 986 986
17 31 112 112
17 32 294 294
17 33 391 391
17 34 498 498
17 35 732 732
17 36 488 488
17 37 805 805
17 38 939 939
17 39 379 379
17 40 889 889
17 41 647 647
17 42 635 635
17 43 595 595
17 44 669 669
17 45 794 794
17 46 476 476
17 47 828 828
17 48 252 252
17 49 301 301
17 50 223 223
18 19 402 402
18 20 820 820
18 21 95 95
18 22 539 539
18 23 278 278
18 24 342 342
18 25 674 674
18 26 597 597
18 27 257 257
18 28 707 707
18 29 352 352
18 30 662 662
18 31 590 590
18 32 538 538
18 33 265 265
18 34 478 478
18 35 829 829
18 36 772 772
18 37 849 849
18 38 673 673
18 39 354 354
18 40 673 673
18 41 589 589
18 42 726 726
18 43 870 870
18 44 898 898
18 45 559 559
18 46 169 169
18 47 256 256
18 48 559 559
18 49 634 634
18 50 470 470
19 20 748 748
19 21 497 497
19 22 650 650
19 23 587 587
19 24 316 316
19 25 544 544
19 26 706 706
19 27 484 484
19 28 607 607
19 29 242 242
19 30 530 530
19 31 733 733
19 32 597 597
19 33 344 344
19 34 243 243
19 35 737 737
19 36 749 749
19 37 713 713
19 38 324 324
19 39 643 643
19 40 468 468
19 41 402 402
19 42 605 605
19 43 805 805
19 44 822 822
19 45 280 280
19 46 571 571
19 47 146 146
19 48 719 719
19 49 666 666
19 50 532 532
20 21 905 905
20 22 580 580
20 23 1051 1051
20 24 478 478
20 25 233 233
20 26 581 581
20 27 945 945
20 28 151 151
20 29 985 985
20 30 830 830
20 31 664 664
20 32 606 606
20 33 588 588
20 34 513 513
20 35 430 430
20 36 336 336
20 37 430 430
20 38 812 812
20 39 862 862
20 40 566 566
20 41 408 408
20 42 301 301
20 43 352 352
20 44 552 552
20 45 999 999
20 46 831 831
20 47 894 894
20 48 800 800
20 49 666 666
20 50 502 502
21 22 583 583
21 23 186 186
21 24 428 428
21 25 751 751
21 26 632 632
21 27 226 226
21 28 754 754
21 29 356 356
21 30 687 687
21 31 572 572
21 32 443 443
21 33 360 360
21 34 422 422
21 35 917 917
21 36 851 851
21 37 942 942
21 38 766 766
21 39 312 312
21 40 765 765
21 41 650 650
21 42 818 818
21 43 955 955
21 44 984 984
21 45 493 493
21 46 154 154
21 47 351 351
21 48 544 544
21 49 689 689
21 50 525 525
22 23 634 634
22 24 389 389
22 25 590 590
22 26 58 58
22 27 485 485
22 28 504 504
22 29 851 851
22 30 964 964
22 31 85 85
22 32 267 267
22 33 306 306
22 34 519 519
22 35 670 670
22 36 435 435
22 37 765 765
22 38 916 916
22 39 387 387
22 40 857 857
22 41 639 639
22 42 644 644
22 43 619 619
22 44 651 651
22 45 782 782
22 46 432 432
22 47 760 760
22 48 295 295
22 49 214 214
22 50 153 153
23 24 614 614
23 25 934 934
23 26 685 685
23 27 150 150
23 28 903 903
23 29 542 542
23 30 869 869
23 31 606 606
23 32 526 526
23 33 463 463
23 34 608 608
23 35 1103 1103
23 36 1023 1023
23 37 1112 1112
23 38 836 836
23 39 309 309
23 40 951 951
23 41 836 836
23 42 991 991
23 43 1100 1100
23 44 1162 1162
23 45 307 307
23 46 340 340
23 47 463 463
23 48 538 538
23 49 791 791
23 50 668 668
24 25 332 332
24 26 437 437
24 27 517 517
24 28 436 436
24 29 558 558
24 30 577 577
24 31 474 474
24 32 504 504
24 33 450 450
24 34 559 559
24 35 489 489
24 36 446 446
24 37 529 529
24 38 530 530
24 39 439 439
24 40 478 478
24 41 359 359
24 42 400 400
24 43 528 528
24 44 556 556
24 45 527 527
24 46 401 401
24 47 462 462
24 48 598 598
24 49 409 409
24 50 245 245
25 26 639 639
25 27 833 833
25 28 188 188
25 29 773 773
25 30 597 597
25 31 675 675
25 32 535 535
25 33 476 476
25 34 332 332
25 35 199 199
25 36 328 328
25 37 197 197
25 38 579 579
25 39 771 771
25 40 423 423
25 41 175 175
25 42 68 68
25 43 272 272
25 44 326 326
25 45 824 824
25 46 711 711
25 47 688 688
25 48 791 791
25 49 481 481
25 50 445 445
26 27 541 541
26 28 545 545
26 29 909 909
26 30 1014 1014
26 31 99 99
26 32 281 281
26 33 362 362
26 34 525 525
26 35 703 703
26 36 459 459
26 37 776 776
26 38 966 966
26 39 382 382
26 40 898 898
26 41 676 676
26 42 662 662
26 43 624 624
26 44 640 640
26 45 810 810
26 46 487 487
26 47 818 818
26 48 237 237
26 49 272 272
26 50 194 194
27 28 797 797
27 29 555 555
27 30 866 866
27 31 461 461
27 32 385 385
27 33 357 357
27 34 570 570
27 35 964 964
27 36 881 881
27 37 1023 1023
27 38 807 807
27 39 159 159
27 40 910 910
27 41 761 761
27 42 893 893
27 43 984 984
27 44 1012 1012
27 45 424 424
27 46 380 380
27 47 513 513
27 48 388 388
27 49 650 650
27 50 526 526
28 29 847 847
28 30 735 735
28 31 565 565
28 32 455 455
28 33 442 442
28 34 364 364
28 35 279 279
28 36 185 185
28 37 296 296
28 38 716 716
28 39 711 711
28 40 517 517
28 41 299 299
28 42 175 175
28 43 201 201
28 44 401 401
28 45 848 848
28 46 686 686
28 47 753 753
28 48 694 694
28 49 515 515
28 50 351 351
29 30 502 502
29 31 873 873
29 32 714 714
29 33 586 586
29 34 483 483
29 35 972 972
29 36 989 989
29 37 929 929
29 38 566 566
29 39 656 656
29 40 634 634
29 41 614 614
29 42 830 830
29 43 1032 1032
29 44 1064 1064
29 45 522 522
29 46 495 495
29 47 96 96
29 48 877 877
29 49 896 896
29 50 753 753
30 31 1019 1019
30 32 837 837
30 33 678 678
30 34 491 491
30 35 784 784
30 36 920 920
30 37 680 680
30 38 599 599
30 39 908 908
30 40 295 295
30 41 528 528
30 42 626 626
30 43 869 869
30 44 884 884
30 45 799 799
30 46 768 768
30 47 406 406
30 48 1083 1083
30 49 910 910
30 50 821 821
31 32 182 182
31 33 391 391
31 34 535 535
31 35 747 747
31 36 520 520
31 37 846 846
31 38 968 968
31 39 302 302
31 40 920 920
31 41 716 716
31 42 727 727
31 43 703 703
31 44 736 736
31 45 758 758
31 46 421 421
31 47 786 786
31 48 336 336
31 49 299 299
31 50 230 230
32 33 567 567
32 34 354 354
32 35 734 734
32 36 625 625
32 37 722 722
32 38 786 786
32 39 256 256
32 40 748 748
32 41 595 595
32 42 603 603
32 43 656 656
32 44 654 654
32 45 614 614
32 46 597 597
32 47 618 618
32 48 492 492
32 49 265 265
32 50 412 412
33 34 213 213
33 35 659 659
33 36 560 560
33 37 673 673
33 38 626 626
33 39 406 406
33 40 622 622
33 41 439 439
33 42 544 544
33 43 637 637
33 44 748 748
33 45 476 476
33 46 434 434
33 47 490 490
33 48 599 599
33 49 369 369
33 50 205 205
34 35 511 511
34 36 506 506
34 37 521 521
34 38 443 443
34 39 491 491
34 40 410 410
34 41 241 241
34 42 398 398
34 43 562 562
34 44 589 589
34 45 523 523
34 46 576 576
34 47 389 389
34 48 609 609
34 49 582 582
34 50 418 418
35 36 244 244
35 37 173 173
35 38 774 774
35 39 884 884
35 40 511 511
35 41 374 374
35 42 186 186
35 43 366 366
35 44 444 444
35 45 998 998
35 46 856 856
35 47 883 883
35 48 900 900
35 49 572 572
35 50 517 517
36 37 410 410
36 38 878 878
36 39 722 722
36 40 684 684
36 41 484 484
36 42 339 339
36 43 196 196
36 44 216 216
36 45 973 973
36 46 750 750
36 47 895 895
36 48 656 656
36 49 519 519
36 50 355 355
37 38 675 675
37 39 952 952
37 40 385 385
37 41 353 353
37 42 203 203
37 43 383 383
37 44 461 461
37 45 989 989
37 46 908 908
37 47 850 850
37 48 972 972
37 49 589 589
37 50 625 625
38 39 851 851
38 40 304 304
38 41 484 484
38 42 636 636
38 43 850 850
38 44 894 894
38 45 529 529
38 46 773 773
38 47 470 470
38 48 1035 1035
38 49 871 871
38 50 775 775
39 40 901 901
39 41 724 724
39 42 821 821
39 43 879 879
39 44 910 910
39 45 509 509
39 46 466 466
39 47 584 584
39 48 236 236
39 49 521 521
39 50 367 367
40 41 264 264
40 42 355 355
40 43 604 604
40 44 613 613
40 45 739 739
40 46 795 795
40 47 614 614
40 48 1011 1011
40 49 736 736
40 50 704 704
41 42 232 232
41 43 447 447
41 44 490 490
41 45 677 677
41 46 648 648
41 47 548 548
41 48 845 845
41 49 650 650
41 50 486 486
42 43 262 262
42 44 258 258
42 45 876 876
42 46 779 779
42 47 746 746
42 48 849 849
42 49 468 468
42 50 502 502
43 44 412 412
43 45 1049 1049
43 46 880 880
43 47 942 942
43 48 840 840
43 49 408 408
43 50 516 516
44 45 1083 1083
44 46 957 957
44 47 968 968
44 48 872 872
44 49 707 707
44 50 543 543
45 46 647 647
45 47 426 426
45 48 738 738
45 49 845 845
45 50 681 681
46 47 425 425
46 48 390 390
46 49 570 570
46 50 583 583
47 48 815 815
47 49 800 800
47 50 657 657
48 49 435 435
48 50 431 431
49 50 164 164
